Fold: 10
Train data indices: [  0.00000000e+00   1.00000000e+00   2.00000000e+00 ...,   2.06800000e+03
   2.06900000e+03   2.07000000e+03]
Test data indices: [   10.    19.    22.    26.    29.    31.    32.    34.    37.    57.
    58.    62.    70.    77.    78.    81.    82.    88.    94.    99.
   100.   103.   106.   109.   112.   116.   119.   129.   131.   138.
   150.   152.   159.   165.   175.   184.   187.   188.   190.   195.
   199.   203.   205.   206.   217.   221.   230.   240.   243.   244.
   245.   261.   262.   267.   273.   278.   294.   295.   296.   301.
   302.   304.   305.   310.   327.   334.   335.   336.   337.   338.
   348.   353.   363.   364.   365.   379.   380.   386.   390.   400.
   401.   406.   413.   418.   420.   424.   426.   432.   433.   440.
   447.   458.   460.   468.   471.   473.   476.   484.   485.   505.
   511.   528.   531.   532.   533.   534.   536.   540.   544.   545.
   546.   553.   557.   559.   566.   568.   569.   574.   575.   578.
   579.   581.   582.   597.   598.   599.   600.   603.   609.   611.
   616.   618.   623.   626.   629.   631.   643.   644.   649.   667.
   670.   671.   677.   679.   688.   689.   693.   708.   712.   717.
   720.   722.   728.   731.   734.   737.   740.   741.   744.   747.
   752.   765.   768.   775.   782.   783.   789.   791.   795.   796.
   820.   827.   833.   835.   836.   838.   841.   844.   850.   855.
   861.   866.   877.   884.   887.   899.   900.   902.   904.   909.
   910.   918.   920.   921.   923.   925.   931.   949.   951.   955.
   964.   965.   969.   971.   972.   976.   977.   979.   980.   981.
   985.  1000.  1002.  1008.  1009.  1012.  1014.  1016.  1024.  1029.
  1031.  1033.  1050.  1052.  1053.  1066.  1071.  1074.  1076.  1077.
  1086.  1087.  1088.  1096.  1097.  1099.  1122.  1128.  1131.  1147.
  1148.  1160.  1161.  1165.  1169.  1171.  1176.  1186.  1205.  1221.
  1222.  1223.  1227.  1233.  1234.  1243.  1244.  1254.  1255.  1256.
  1258.  1273.  1274.  1275.  1287.  1288.  1289.  1292.  1296.  1305.
  1307.  1308.  1313.  1316.  1325.  1330.  1334.  1338.  1356.  1357.
  1358.  1382.  1386.  1388.  1392.  1395.  1396.  1398.  1401.  1405.
  1411.  1415.  1419.  1424.  1427.  1428.  1429.  1431.  1436.  1445.
  1452.  1458.  1459.  1467.  1475.  1476.  1482.  1483.  1484.  1486.
  1490.  1496.  1497.  1505.  1506.  1517.  1525.  1528.  1534.  1548.
  1549.  1550.  1552.  1561.  1567.  1577.  1579.  1581.  1584.  1585.
  1586.  1587.  1590.  1591.  1596.  1603.  1605.  1628.  1645.  1661.
  1674.  1677.  1679.  1682.  1683.  1685.  1698.  1705.  1709.  1710.
  1718.  1725.  1732.  1733.  1736.  1739.  1740.  1743.  1763.  1765.
  1775.  1781.  1791.  1792.  1793.  1794.  1799.  1805.  1818.  1820.
  1825.  1828.  1836.  1843.  1845.  1857.  1864.  1876.  1881.  1885.
  1888.  1905.  1908.  1911.  1925.  1928.  1935.  1943.  1948.  1959.
  1971.  1986.  1988.  1989.  1990.  1991.  1993.  1994.  1997.  1999.
  2001.  2003.  2005.  2012.  2017.  2019.  2021.  2035.  2037.  2040.
  2044.  2051.  2056.  2059.  2066.]
Ensemble:
F1: 0.44
Precision: 0.30344827586206896
Recall: 0.8
Accuracy: 0.7301204819277108
AUC: 0.7597222222222222
MLP:
F1 Score Average: 0.3838383838383838
Precision Average: 0.26573426573426573
Recall Average: 0.6909090909090909
Accuracy: 0.7060240963855422
ROC: 0.699621212121212
MLP:
F1 Score Average: 0.4285714285714286
Precision Average: 0.2978723404255319
Recall Average: 0.7636363636363637
Accuracy: 0.7301204819277108
ROC: 0.7443181818181818
MLP:
F1 Score Average: 0.427860696517413
Precision Average: 0.2945205479452055
Recall Average: 0.7818181818181819
Accuracy: 0.7228915662650602
ROC: 0.7478535353535354
MLP:
F1 Score Average: 0.3360655737704918
Precision Average: 0.21693121693121692
Recall Average: 0.7454545454545455
Accuracy: 0.6096385542168675
ROC: 0.6671717171717173
MLP:
F1 Score Average: 0.47435897435897434
Precision Average: 0.36633663366336633
Recall Average: 0.6727272727272727
Accuracy: 0.8024096385542169
ROC: 0.7474747474747475
MLP:
F1 Score Average: 0.3636363636363636
Precision Average: 0.2323232323232323
Recall Average: 0.8363636363636363
Accuracy: 0.6120481927710844
ROC: 0.7070707070707071
MLP:
F1 Score Average: 0.3796296296296296
Precision Average: 0.2546583850931677
Recall Average: 0.7454545454545455
Accuracy: 0.6771084337349398
ROC: 0.7060606060606062
MLP:
F1 Score Average: 0.3870967741935484
Precision Average: 0.2487046632124352
Recall Average: 0.8727272727272727
Accuracy: 0.6337349397590362
ROC: 0.7349747474747474
MLP:
F1 Score Average: 0.40888888888888886
Precision Average: 0.27058823529411763
Recall Average: 0.8363636363636363
Accuracy: 0.6795180722891566
ROC: 0.7459595959595959
MLP:
F1 Score Average: 0.46987951807228917
Precision Average: 0.35135135135135137
Recall Average: 0.7090909090909091
Accuracy: 0.7879518072289157
ROC: 0.7545454545454545
MLP:
F1 Score Average: 0.43575418994413406
Precision Average: 0.31451612903225806
Recall Average: 0.7090909090909091
Accuracy: 0.7566265060240964
ROC: 0.7364898989898989

Fold: 10
Train data indices: [  0.00000000e+00   1.00000000e+00   2.00000000e+00 ...,   2.06800000e+03
   2.06900000e+03   2.07000000e+03]
Test data indices: [    5.    11.    16.    20.    24.    25.    27.    28.    33.    50.
    52.    56.    59.    61.    79.    95.    98.   105.   115.   117.
   118.   133.   140.   142.   146.   148.   149.   151.   158.   167.
   170.   174.   177.   181.   196.   204.   210.   216.   218.   222.
   233.   237.   238.   239.   241.   253.   259.   263.   266.   271.
   277.   288.   290.   292.   293.   297.   303.   312.   314.   324.
   326.   329.   345.   346.   349.   355.   356.   366.   368.   378.
   385.   389.   392.   394.   399.   402.   421.   422.   431.   443.
   445.   448.   451.   452.   455.   456.   457.   463.   479.   483.
   486.   491.   499.   515.   516.   520.   524.   539.   542.   548.
   554.   556.   567.   571.   576.   580.   583.   587.   593.   601.
   606.   607.   608.   615.   619.   622.   633.   635.   638.   642.
   648.   653.   657.   661.   662.   668.   669.   684.   703.   715.
   718.   721.   724.   726.   745.   754.   755.   756.   757.   762.
   764.   770.   771.   777.   780.   785.   792.   793.   797.   800.
   801.   815.   817.   821.   828.   832.   834.   837.   846.   847.
   849.   851.   853.   858.   864.   865.   872.   880.   883.   888.
   890.   897.   901.   905.   906.   907.   908.   922.   924.   927.
   930.   932.   933.   934.   937.   944.   947.   948.   959.   961.
   963.   966.   973.   989.   991.   993.   996.   999.  1004.  1021.
  1026.  1034.  1055.  1062.  1063.  1069.  1073.  1082.  1083.  1085.
  1109.  1113.  1114.  1123.  1125.  1126.  1129.  1130.  1132.  1134.
  1136.  1143.  1146.  1149.  1153.  1154.  1157.  1164.  1166.  1173.
  1185.  1192.  1204.  1209.  1211.  1217.  1229.  1238.  1247.  1248.
  1249.  1250.  1251.  1252.  1260.  1261.  1265.  1267.  1283.  1295.
  1303.  1309.  1312.  1319.  1320.  1326.  1339.  1341.  1349.  1352.
  1353.  1360.  1365.  1366.  1368.  1370.  1371.  1372.  1373.  1375.
  1381.  1385.  1389.  1391.  1393.  1399.  1403.  1404.  1410.  1413.
  1414.  1416.  1418.  1420.  1421.  1426.  1432.  1433.  1444.  1449.
  1473.  1479.  1485.  1487.  1488.  1493.  1498.  1501.  1507.  1511.
  1513.  1514.  1521.  1522.  1524.  1531.  1536.  1542.  1544.  1546.
  1547.  1555.  1571.  1573.  1582.  1583.  1597.  1598.  1602.  1611.
  1612.  1617.  1622.  1623.  1626.  1629.  1631.  1633.  1636.  1649.
  1654.  1662.  1667.  1670.  1672.  1687.  1690.  1699.  1702.  1703.
  1711.  1715.  1716.  1720.  1721.  1727.  1737.  1742.  1744.  1745.
  1746.  1749.  1753.  1756.  1758.  1764.  1766.  1767.  1777.  1780.
  1783.  1785.  1802.  1811.  1812.  1815.  1822.  1831.  1832.  1835.
  1850.  1851.  1854.  1861.  1865.  1878.  1883.  1884.  1889.  1890.
  1895.  1896.  1897.  1899.  1913.  1918.  1924.  1927.  1933.  1938.
  1949.  1950.  1952.  1960.  1964.  1968.  1970.  1973.  1975.  1981.
  2006.  2008.  2010.  2014.  2024.  2033.  2034.  2036.  2047.  2048.
  2055.  2063.  2064.  2067.]
Ensemble:
F1: 0.39436619718309857
Precision: 0.2641509433962264
Recall: 0.7777777777777778
Accuracy: 0.6884057971014492
AUC: 0.7263888888888889
MLP:
F1 Score Average: 0.3636363636363636
Precision Average: 0.23115577889447236
Recall Average: 0.8518518518518519
Accuracy: 0.6111111111111112
ROC: 0.7134259259259259
MLP:
F1 Score Average: 0.4293785310734463
Precision Average: 0.3089430894308943
Recall Average: 0.7037037037037037
Accuracy: 0.7560386473429952
ROC: 0.7337962962962963
MLP:
F1 Score Average: 0.23126338329764454
Precision Average: 0.13075060532687652
Recall Average: 1.0
Accuracy: 0.13285024154589373
ROC: 0.5013888888888889
MLP:
F1 Score Average: 0.6050420168067226
Precision Average: 0.5538461538461539
Recall Average: 0.6666666666666666
Accuracy: 0.8864734299516909
ROC: 0.7930555555555555
MLP:
F1 Score Average: 0.4743589743589744
Precision Average: 0.3627450980392157
Recall Average: 0.6851851851851852
Accuracy: 0.8019323671497585
ROC: 0.7523148148148148
MLP:
F1 Score Average: 0.4150943396226415
Precision Average: 0.3142857142857143
Recall Average: 0.6111111111111112
Accuracy: 0.7753623188405797
ROC: 0.7055555555555556
MLP:
F1 Score Average: 0.31999999999999995
Precision Average: 0.19909502262443438
Recall Average: 0.8148148148148148
Accuracy: 0.5483091787439613
ROC: 0.6615740740740741
MLP:
F1 Score Average: 0.351931330472103
Precision Average: 0.22905027932960895
Recall Average: 0.7592592592592593
Accuracy: 0.6352657004830918
ROC: 0.687962962962963
MLP:
F1 Score Average: 0.4228571428571428
Precision Average: 0.30578512396694213
Recall Average: 0.6851851851851852
Accuracy: 0.7560386473429952
ROC: 0.7259259259259259
MLP:
F1 Score Average: 0.39285714285714285
Precision Average: 0.25882352941176473
Recall Average: 0.8148148148148148
Accuracy: 0.6714975845410628
ROC: 0.7324074074074075
MLP:
F1 Score Average: 0.23126338329764454
Precision Average: 0.13075060532687652
Recall Average: 1.0
Accuracy: 0.13285024154589373
ROC: 0.5013888888888889

Fold: 10
Train data indices: [  0.00000000e+00   1.00000000e+00   2.00000000e+00 ...,   2.06500000e+03
   2.06600000e+03   2.06700000e+03]
Test data indices: [    3.     4.     6.     8.    14.    23.    35.    36.    41.    72.
    73.    80.    84.    85.    89.    93.   101.   104.   107.   111.
   113.   121.   124.   127.   135.   137.   141.   145.   156.   162.
   164.   166.   169.   176.   179.   182.   183.   186.   194.   197.
   208.   209.   212.   226.   229.   242.   246.   248.   249.   250.
   254.   255.   264.   265.   269.   274.   275.   276.   281.   282.
   283.   284.   285.   287.   306.   315.   316.   317.   328.   332.
   342.   344.   347.   351.   354.   358.   359.   361.   367.   370.
   374.   375.   376.   381.   382.   391.   397.   404.   411.   417.
   423.   425.   427.   428.   434.   435.   437.   441.   450.   461.
   466.   474.   477.   489.   492.   493.   494.   495.   496.   500.
   503.   504.   506.   507.   517.   538.   543.   547.   550.   558.
   563.   572.   573.   584.   585.   590.   591.   594.   596.   602.
   624.   645.   647.   650.   651.   652.   654.   655.   656.   659.
   663.   664.   665.   666.   673.   676.   680.   681.   683.   687.
   694.   695.   710.   716.   723.   727.   738.   739.   742.   750.
   751.   761.   763.   766.   767.   769.   776.   778.   779.   784.
   798.   799.   803.   810.   818.   830.   839.   840.   848.   852.
   860.   870.   875.   878.   885.   893.   896.   912.   913.   915.
   929.   942.   943.   945.   950.   953.   957.   958.   975.   983.
   987.   995.   997.  1001.  1003.  1005.  1020.  1023.  1027.  1036.
  1039.  1040.  1043.  1044.  1056.  1067.  1068.  1072.  1080.  1090.
  1098.  1100.  1104.  1105.  1108.  1119.  1140.  1145.  1150.  1162.
  1167.  1168.  1170.  1172.  1175.  1180.  1181.  1182.  1183.  1184.
  1195.  1200.  1203.  1207.  1213.  1215.  1220.  1225.  1232.  1240.
  1246.  1257.  1259.  1263.  1276.  1280.  1285.  1286.  1300.  1302.
  1304.  1306.  1321.  1324.  1327.  1333.  1335.  1342.  1343.  1345.
  1348.  1364.  1367.  1377.  1380.  1384.  1406.  1409.  1417.  1425.
  1434.  1437.  1440.  1442.  1443.  1446.  1447.  1448.  1450.  1454.
  1455.  1463.  1464.  1468.  1471.  1474.  1480.  1481.  1492.  1494.
  1504.  1509.  1516.  1520.  1526.  1527.  1537.  1540.  1545.  1551.
  1554.  1556.  1559.  1563.  1564.  1570.  1574.  1576.  1588.  1589.
  1592.  1594.  1601.  1604.  1606.  1609.  1614.  1616.  1618.  1621.
  1632.  1635.  1638.  1644.  1651.  1664.  1666.  1669.  1675.  1676.
  1686.  1691.  1692.  1694.  1695.  1700.  1704.  1712.  1734.  1735.
  1738.  1741.  1747.  1751.  1754.  1757.  1778.  1779.  1784.  1787.
  1790.  1798.  1800.  1816.  1827.  1833.  1840.  1842.  1846.  1853.
  1856.  1859.  1860.  1862.  1867.  1870.  1871.  1872.  1875.  1879.
  1882.  1887.  1902.  1909.  1910.  1915.  1920.  1923.  1926.  1929.
  1941.  1944.  1951.  1953.  1972.  1976.  1978.  1995.  1998.  2009.
  2015.  2016.  2020.  2022.  2026.  2032.  2038.  2049.  2050.  2052.
  2058.  2068.  2069.  2070.]
Ensemble:
F1: 0.4777777777777778
Precision: 0.37719298245614036
Recall: 0.6515151515151515
Accuracy: 0.7729468599033816
AUC: 0.7237460815047021
MLP:
F1 Score Average: 0.4776119402985074
Precision Average: 0.35555555555555557
Recall Average: 0.7272727272727273
Accuracy: 0.7463768115942029
ROC: 0.7386363636363636
MLP:
F1 Score Average: 0.48730964467005083
Precision Average: 0.366412213740458
Recall Average: 0.7272727272727273
Accuracy: 0.7560386473429952
ROC: 0.7443834900731453
MLP:
F1 Score Average: 0.4355555555555556
Precision Average: 0.3081761006289308
Recall Average: 0.7424242424242424
Accuracy: 0.6932367149758454
ROC: 0.713166144200627
MLP:
F1 Score Average: 0.40268456375838924
Precision Average: 0.25862068965517243
Recall Average: 0.9090909090909091
Accuracy: 0.5700483091787439
ROC: 0.7074190177638454
MLP:
F1 Score Average: 0.41414141414141414
Precision Average: 0.3106060606060606
Recall Average: 0.6212121212121212
Accuracy: 0.7198067632850241
ROC: 0.679858934169279
MLP:
F1 Score Average: 0.46031746031746035
Precision Average: 0.48333333333333334
Recall Average: 0.4393939393939394
Accuracy: 0.8357487922705314
ROC: 0.6751567398119123
MLP:
F1 Score Average: 0.41600000000000004
Precision Average: 0.2826086956521739
Recall Average: 0.7878787878787878
Accuracy: 0.6473429951690821
ROC: 0.7042842215256009
MLP:
F1 Score Average: 0.459016393442623
Precision Average: 0.358974358974359
Recall Average: 0.6363636363636364
Accuracy: 0.7608695652173914
ROC: 0.7104231974921631
MLP:
F1 Score Average: 0.4852941176470589
Precision Average: 0.4714285714285714
Recall Average: 0.5
Accuracy: 0.8309178743961353
ROC: 0.69683908045977
MLP:
F1 Score Average: 0.46534653465346537
Precision Average: 0.34558823529411764
Recall Average: 0.7121212121212122
Accuracy: 0.7391304347826086
ROC: 0.7281870428422152
MLP:
F1 Score Average: 0.0
Precision Average: 0.0
Recall Average: 0.0
Accuracy: 0.8405797101449275
ROC: 0.5

Fold: 10
Train data indices: [    0.     3.     4. ...,  2068.  2069.  2070.]
Test data indices: [  1.00000000e+00   2.00000000e+00   1.30000000e+01   1.50000000e+01
   2.10000000e+01   3.00000000e+01   3.90000000e+01   4.20000000e+01
   5.30000000e+01   6.00000000e+01   6.50000000e+01   6.70000000e+01
   7.40000000e+01   9.00000000e+01   9.10000000e+01   9.60000000e+01
   9.70000000e+01   1.08000000e+02   1.14000000e+02   1.23000000e+02
   1.26000000e+02   1.32000000e+02   1.36000000e+02   1.39000000e+02
   1.43000000e+02   1.44000000e+02   1.47000000e+02   1.53000000e+02
   1.54000000e+02   1.61000000e+02   1.63000000e+02   1.71000000e+02
   1.73000000e+02   1.80000000e+02   1.85000000e+02   1.89000000e+02
   1.98000000e+02   2.00000000e+02   2.01000000e+02   2.13000000e+02
   2.14000000e+02   2.15000000e+02   2.23000000e+02   2.24000000e+02
   2.31000000e+02   2.32000000e+02   2.34000000e+02   2.35000000e+02
   2.36000000e+02   2.47000000e+02   2.51000000e+02   2.56000000e+02
   2.58000000e+02   2.68000000e+02   2.79000000e+02   3.07000000e+02
   3.08000000e+02   3.11000000e+02   3.19000000e+02   3.20000000e+02
   3.21000000e+02   3.23000000e+02   3.25000000e+02   3.31000000e+02
   3.33000000e+02   3.40000000e+02   3.41000000e+02   3.57000000e+02
   3.60000000e+02   3.62000000e+02   3.71000000e+02   3.72000000e+02
   3.83000000e+02   3.84000000e+02   3.88000000e+02   4.07000000e+02
   4.08000000e+02   4.19000000e+02   4.29000000e+02   4.36000000e+02
   4.38000000e+02   4.39000000e+02   4.42000000e+02   4.44000000e+02
   4.49000000e+02   4.53000000e+02   4.59000000e+02   4.62000000e+02
   4.67000000e+02   4.69000000e+02   4.70000000e+02   4.72000000e+02
   4.87000000e+02   4.88000000e+02   4.90000000e+02   5.01000000e+02
   5.08000000e+02   5.09000000e+02   5.10000000e+02   5.12000000e+02
   5.14000000e+02   5.18000000e+02   5.22000000e+02   5.25000000e+02
   5.29000000e+02   5.35000000e+02   5.37000000e+02   5.41000000e+02
   5.49000000e+02   5.51000000e+02   5.55000000e+02   5.61000000e+02
   5.65000000e+02   5.86000000e+02   5.88000000e+02   5.89000000e+02
   5.95000000e+02   6.13000000e+02   6.14000000e+02   6.17000000e+02
   6.27000000e+02   6.28000000e+02   6.36000000e+02   6.37000000e+02
   6.46000000e+02   6.78000000e+02   6.90000000e+02   6.91000000e+02
   6.92000000e+02   6.96000000e+02   6.97000000e+02   6.98000000e+02
   7.07000000e+02   7.11000000e+02   7.13000000e+02   7.14000000e+02
   7.25000000e+02   7.29000000e+02   7.30000000e+02   7.35000000e+02
   7.48000000e+02   7.49000000e+02   7.72000000e+02   7.73000000e+02
   7.74000000e+02   7.86000000e+02   7.94000000e+02   8.02000000e+02
   8.04000000e+02   8.06000000e+02   8.07000000e+02   8.08000000e+02
   8.09000000e+02   8.13000000e+02   8.14000000e+02   8.19000000e+02
   8.23000000e+02   8.25000000e+02   8.26000000e+02   8.42000000e+02
   8.43000000e+02   8.45000000e+02   8.56000000e+02   8.59000000e+02
   8.62000000e+02   8.63000000e+02   8.74000000e+02   8.79000000e+02
   8.81000000e+02   8.82000000e+02   8.86000000e+02   8.89000000e+02
   8.91000000e+02   9.11000000e+02   9.16000000e+02   9.17000000e+02
   9.26000000e+02   9.28000000e+02   9.35000000e+02   9.39000000e+02
   9.41000000e+02   9.46000000e+02   9.52000000e+02   9.56000000e+02
   9.60000000e+02   9.62000000e+02   9.67000000e+02   9.82000000e+02
   9.84000000e+02   9.88000000e+02   9.92000000e+02   9.98000000e+02
   1.01000000e+03   1.01300000e+03   1.01500000e+03   1.01700000e+03
   1.01900000e+03   1.02200000e+03   1.03000000e+03   1.03200000e+03
   1.03500000e+03   1.03800000e+03   1.04100000e+03   1.04700000e+03
   1.05400000e+03   1.05700000e+03   1.05900000e+03   1.06500000e+03
   1.07900000e+03   1.08900000e+03   1.09100000e+03   1.09200000e+03
   1.09300000e+03   1.09500000e+03   1.10200000e+03   1.11100000e+03
   1.11500000e+03   1.11600000e+03   1.11700000e+03   1.11800000e+03
   1.12100000e+03   1.12400000e+03   1.13300000e+03   1.13700000e+03
   1.13800000e+03   1.13900000e+03   1.14200000e+03   1.14400000e+03
   1.15500000e+03   1.15600000e+03   1.15800000e+03   1.15900000e+03
   1.16300000e+03   1.17700000e+03   1.18700000e+03   1.18800000e+03
   1.19100000e+03   1.19300000e+03   1.19400000e+03   1.19600000e+03
   1.19700000e+03   1.20600000e+03   1.22400000e+03   1.22800000e+03
   1.23100000e+03   1.23500000e+03   1.23600000e+03   1.24500000e+03
   1.25300000e+03   1.26800000e+03   1.26900000e+03   1.27100000e+03
   1.27200000e+03   1.27700000e+03   1.27900000e+03   1.29100000e+03
   1.29300000e+03   1.29700000e+03   1.30100000e+03   1.31100000e+03
   1.31500000e+03   1.31700000e+03   1.32200000e+03   1.32800000e+03
   1.32900000e+03   1.33100000e+03   1.33200000e+03   1.33600000e+03
   1.33700000e+03   1.34000000e+03   1.34600000e+03   1.34700000e+03
   1.35100000e+03   1.35400000e+03   1.35900000e+03   1.36100000e+03
   1.36200000e+03   1.36300000e+03   1.36900000e+03   1.37400000e+03
   1.38300000e+03   1.38700000e+03   1.39400000e+03   1.40000000e+03
   1.41200000e+03   1.42200000e+03   1.43800000e+03   1.43900000e+03
   1.45100000e+03   1.46000000e+03   1.46500000e+03   1.47700000e+03
   1.48900000e+03   1.50800000e+03   1.51200000e+03   1.51500000e+03
   1.51800000e+03   1.51900000e+03   1.52300000e+03   1.52900000e+03
   1.53000000e+03   1.53200000e+03   1.53500000e+03   1.53900000e+03
   1.54100000e+03   1.55800000e+03   1.56000000e+03   1.56600000e+03
   1.56800000e+03   1.56900000e+03   1.57200000e+03   1.59300000e+03
   1.59500000e+03   1.60700000e+03   1.61900000e+03   1.62000000e+03
   1.62500000e+03   1.63000000e+03   1.63400000e+03   1.63900000e+03
   1.64000000e+03   1.64100000e+03   1.64200000e+03   1.65500000e+03
   1.65600000e+03   1.65700000e+03   1.65900000e+03   1.66000000e+03
   1.67100000e+03   1.67800000e+03   1.68100000e+03   1.68400000e+03
   1.68900000e+03   1.69300000e+03   1.69600000e+03   1.69700000e+03
   1.70100000e+03   1.70600000e+03   1.70700000e+03   1.70800000e+03
   1.72200000e+03   1.72900000e+03   1.73000000e+03   1.73100000e+03
   1.75000000e+03   1.75500000e+03   1.75900000e+03   1.76000000e+03
   1.78600000e+03   1.78800000e+03   1.79500000e+03   1.80300000e+03
   1.80600000e+03   1.80700000e+03   1.80800000e+03   1.80900000e+03
   1.81300000e+03   1.81400000e+03   1.81700000e+03   1.82300000e+03
   1.83000000e+03   1.83400000e+03   1.83900000e+03   1.84100000e+03
   1.84800000e+03   1.85500000e+03   1.85800000e+03   1.86300000e+03
   1.86600000e+03   1.88600000e+03   1.89300000e+03   1.89400000e+03
   1.89800000e+03   1.90000000e+03   1.90300000e+03   1.90400000e+03
   1.90600000e+03   1.91200000e+03   1.91400000e+03   1.91900000e+03
   1.92200000e+03   1.93000000e+03   1.93100000e+03   1.93900000e+03
   1.94200000e+03   1.94500000e+03   1.95400000e+03   1.95600000e+03
   1.95700000e+03   1.95800000e+03   1.96200000e+03   1.96300000e+03
   1.96500000e+03   1.97400000e+03   1.98000000e+03   1.98400000e+03
   1.98500000e+03   1.98700000e+03   2.00000000e+03   2.00200000e+03
   2.00400000e+03   2.01100000e+03   2.01300000e+03   2.01800000e+03
   2.02500000e+03   2.02900000e+03   2.03000000e+03   2.03900000e+03
   2.04200000e+03   2.05300000e+03   2.05400000e+03   2.05700000e+03
   2.06100000e+03   2.06500000e+03]
Ensemble:
F1: 0.4200913242009132
Precision: 0.2875
Recall: 0.7796610169491526
Accuracy: 0.6932367149758454
AUC: 0.7292671281928862
MLP:
F1 Score Average: 0.3472222222222222
Precision Average: 0.2183406113537118
Recall Average: 0.847457627118644
Accuracy: 0.5458937198067633
ROC: 0.671616137502984
MLP:
F1 Score Average: 0.4268292682926829
Precision Average: 0.3333333333333333
Recall Average: 0.5932203389830508
Accuracy: 0.7729468599033816
ROC: 0.6980186201957508
MLP:
F1 Score Average: 0.40366972477064217
Precision Average: 0.44
Recall Average: 0.3728813559322034
Accuracy: 0.8429951690821256
ROC: 0.6470040582477918
MLP:
F1 Score Average: 0.03333333333333333
Precision Average: 1.0
Recall Average: 0.01694915254237288
Accuracy: 0.8599033816425121
ROC: 0.5084745762711864
MLP:
F1 Score Average: 0.38367346938775515
Precision Average: 0.25268817204301075
Recall Average: 0.7966101694915254
Accuracy: 0.6352657004830918
ROC: 0.7025304368584389
MLP:
F1 Score Average: 0.356060606060606
Precision Average: 0.22926829268292684
Recall Average: 0.7966101694915254
Accuracy: 0.5893719806763285
ROC: 0.675769873478157
MLP:
F1 Score Average: 0.14285714285714285
Precision Average: 0.45454545454545453
Recall Average: 0.0847457627118644
Accuracy: 0.855072463768116
ROC: 0.5339221771305801
MLP:
F1 Score Average: 0.24947145877378435
Precision Average: 0.14251207729468598
Recall Average: 1.0
Accuracy: 0.14251207729468598
ROC: 0.5
MLP:
F1 Score Average: 0.4146341463414635
Precision Average: 0.3238095238095238
Recall Average: 0.576271186440678
Accuracy: 0.7681159420289855
ROC: 0.688135593220339
MLP:
F1 Score Average: 0.32152588555858314
Precision Average: 0.19155844155844157
Recall Average: 1.0
Accuracy: 0.39855072463768115
ROC: 0.6492957746478873
MLP:
F1 Score Average: 0.30179028132992325
Precision Average: 0.177710843373494
Recall Average: 1.0
Accuracy: 0.34057971014492755
ROC: 0.6154929577464789

Fold: 10
Train data indices: [  1.00000000e+00   2.00000000e+00   3.00000000e+00 ...,   2.06800000e+03
   2.06900000e+03   2.07000000e+03]
Test data indices: [    0.     7.     9.    12.    17.    18.    38.    40.    43.    44.
    45.    46.    47.    48.    49.    51.    54.    55.    63.    64.
    66.    68.    69.    71.    75.    76.    83.    86.    87.    92.
   102.   110.   120.   122.   125.   128.   130.   134.   155.   157.
   160.   168.   172.   178.   191.   192.   193.   202.   207.   211.
   219.   220.   225.   227.   228.   252.   257.   260.   270.   272.
   280.   286.   289.   291.   298.   299.   300.   309.   313.   318.
   322.   330.   339.   343.   350.   352.   369.   373.   377.   387.
   393.   395.   396.   398.   403.   405.   409.   410.   412.   414.
   415.   416.   430.   446.   454.   464.   465.   475.   478.   480.
   481.   482.   497.   498.   502.   513.   519.   521.   523.   526.
   527.   530.   552.   560.   562.   564.   570.   577.   592.   604.
   605.   610.   612.   620.   621.   625.   630.   632.   634.   639.
   640.   641.   658.   660.   672.   674.   675.   682.   685.   686.
   699.   700.   701.   702.   704.   705.   706.   709.   719.   732.
   733.   736.   743.   746.   753.   758.   759.   760.   781.   787.
   788.   790.   805.   811.   812.   816.   822.   824.   829.   831.
   854.   857.   867.   868.   869.   871.   873.   876.   892.   894.
   895.   898.   903.   914.   919.   936.   938.   940.   954.   968.
   970.   974.   978.   986.   990.   994.  1006.  1007.  1011.  1018.
  1025.  1028.  1037.  1042.  1045.  1046.  1048.  1049.  1051.  1058.
  1060.  1061.  1064.  1070.  1075.  1078.  1081.  1084.  1094.  1101.
  1103.  1106.  1107.  1110.  1112.  1120.  1127.  1135.  1141.  1151.
  1152.  1174.  1178.  1179.  1189.  1190.  1198.  1199.  1201.  1202.
  1208.  1210.  1212.  1214.  1216.  1218.  1219.  1226.  1230.  1237.
  1239.  1241.  1242.  1262.  1264.  1266.  1270.  1278.  1281.  1282.
  1284.  1290.  1294.  1298.  1299.  1310.  1314.  1318.  1323.  1344.
  1350.  1355.  1376.  1378.  1379.  1390.  1397.  1402.  1407.  1408.
  1423.  1430.  1435.  1441.  1453.  1456.  1457.  1461.  1462.  1466.
  1469.  1470.  1472.  1478.  1491.  1495.  1499.  1500.  1502.  1503.
  1510.  1533.  1538.  1543.  1553.  1557.  1562.  1565.  1575.  1578.
  1580.  1599.  1600.  1608.  1610.  1613.  1615.  1624.  1627.  1637.
  1643.  1646.  1647.  1648.  1650.  1652.  1653.  1658.  1663.  1665.
  1668.  1673.  1680.  1688.  1713.  1714.  1717.  1719.  1723.  1724.
  1726.  1728.  1748.  1752.  1761.  1762.  1768.  1769.  1770.  1771.
  1772.  1773.  1774.  1776.  1782.  1789.  1796.  1797.  1801.  1804.
  1810.  1819.  1821.  1824.  1826.  1829.  1837.  1838.  1844.  1847.
  1849.  1852.  1868.  1869.  1873.  1874.  1877.  1880.  1891.  1892.
  1901.  1907.  1916.  1917.  1921.  1932.  1934.  1936.  1937.  1940.
  1946.  1947.  1955.  1961.  1966.  1967.  1969.  1977.  1979.  1982.
  1983.  1992.  1996.  2007.  2023.  2027.  2028.  2031.  2041.  2043.
  2045.  2046.  2060.  2062.]
Ensemble:
F1: 0.4166666666666667
Precision: 0.28901734104046245
Recall: 0.746268656716418
Accuracy: 0.6618357487922706
AUC: 0.6959008989633962
MLP:
F1 Score Average: 0.3981481481481482
Precision Average: 0.28859060402684567
Recall Average: 0.6417910447761194
Accuracy: 0.6859903381642513
ROC: 0.6681577702266763
MLP:
F1 Score Average: 0.31527093596059114
Precision Average: 0.1887905604719764
Recall Average: 0.9552238805970149
Accuracy: 0.3285024154589372
ROC: 0.5813583379930319
MLP:
F1 Score Average: 0.4278606965174129
Precision Average: 0.3208955223880597
Recall Average: 0.6417910447761194
Accuracy: 0.7222222222222222
ROC: 0.6897716030797023
MLP:
F1 Score Average: 0.41964285714285715
Precision Average: 0.29936305732484075
Recall Average: 0.7014925373134329
Accuracy: 0.6859903381642513
ROC: 0.6922448277345262
MLP:
F1 Score Average: 0.4
Precision Average: 0.2694300518134715
Recall Average: 0.7761194029850746
Accuracy: 0.6231884057971014
ROC: 0.6848896726740935
MLP:
F1 Score Average: 0.3824701195219124
Precision Average: 0.2608695652173913
Recall Average: 0.7164179104477612
Accuracy: 0.6256038647342995
ROC: 0.6622435373564455
MLP:
F1 Score Average: 0.3785714285714286
Precision Average: 0.24882629107981225
Recall Average: 0.7910447761194029
Accuracy: 0.5797101449275363
ROC: 0.6649748376274248
MLP:
F1 Score Average: 0.421455938697318
Precision Average: 0.28350515463917525
Recall Average: 0.8208955223880597
Accuracy: 0.6352657004830918
ROC: 0.7101595767559895
MLP:
F1 Score Average: 0.08571428571428572
Precision Average: 1.0
Recall Average: 0.04477611940298507
Accuracy: 0.8454106280193237
ROC: 0.5223880597014925
MLP:
F1 Score Average: 0.47747747747747743
Precision Average: 0.3419354838709677
Recall Average: 0.7910447761194029
Accuracy: 0.7198067632850241
ROC: 0.748548324659125
MLP:
F1 Score Average: 0.45217391304347826
Precision Average: 0.31901840490797545
Recall Average: 0.7761194029850746
Accuracy: 0.6956521739130435
ROC: 0.7281173383801454

