Fold: 10
Train data indices: [   0.    2.    4.    5.    6.    8.    9.   10.   12.   13.   14.   15.
   17.   18.   20.   21.   22.   23.   25.   26.   27.   28.   29.   31.
   32.   33.   34.   35.   37.   38.   39.   40.   41.   42.   43.   45.
   48.   49.   52.   53.   54.   55.   56.   57.   58.   59.   60.   61.
   62.   63.   64.   65.   70.   71.   72.   73.   74.   75.   76.   78.
   79.   80.   81.   82.   84.   85.   86.   87.   88.   89.   90.   91.
   92.   93.   94.   95.   97.   98.   99.  100.  101.  102.  103.  104.
  105.  106.  108.  109.  110.  111.  112.  113.  114.  115.  116.  117.
  118.  119.  121.  123.  125.  127.  128.  131.  132.  133.  134.  136.
  137.  138.  140.  141.  142.  143.  144.  145.  146.  147.  148.  149.
  151.  152.  153.  154.  155.  156.  157.  158.  159.  160.  161.  162.
  163.  165.  166.  167.  168.  169.  170.  172.  176.  177.  178.  179.
  180.  181.  182.  183.  184.  185.  186.  187.  188.  189.  190.  191.
  192.  193.  194.  196.  197.  199.  200.  201.  202.  203.  204.  205.
  206.  207.  208.  209.  210.  211.  212.  213.  214.  215.  216.  217.
  218.  219.  220.  222.  223.  224.  225.  226.  227.  228.  229.  231.
  233.  234.  235.  237.  238.  239.  241.  242.  244.  245.  246.  247.
  248.  249.  250.  251.  252.  253.  254.  255.  256.  257.  258.  259.
  260.  261.  263.  264.  265.  267.  268.  269.  270.  271.  274.  275.
  276.  278.  279.  280.  281.  282.  284.  287.  288.  289.  290.  291.
  292.  293.  294.  295.  296.  297.  298.  301.  302.  303.  304.  306.
  307.  308.  309.  310.  311.  312.  314.  316.  317.  319.  320.  321.
  322.  323.  325.  326.  328.  330.  332.  333.  334.  335.  336.  337.
  339.  340.  341.  342.  343.  344.  345.  346.  347.  350.  351.  352.
  353.  356.  362.  363.  364.  365.  366.  368.  370.  371.  372.  373.
  375.  376.  377.  379.  380.  381.  382.  383.  384.  386.  388.  390.
  391.]
Test data indices: [   1.    3.    7.   11.   16.   19.   24.   30.   36.   44.   46.   47.
   50.   51.   66.   67.   68.   69.   77.   83.   96.  107.  120.  122.
  124.  126.  129.  130.  135.  139.  150.  164.  171.  173.  174.  175.
  195.  198.  221.  230.  232.  236.  240.  243.  262.  266.  272.  273.
  277.  283.  285.  286.  299.  300.  305.  313.  315.  318.  324.  327.
  329.  331.  338.  348.  349.  354.  355.  357.  358.  359.  360.  361.
  367.  369.  374.  378.  385.  387.  389.]
Ensemble:
F1: 0.7111111111111111
Precision: 0.5714285714285714
Recall: 0.9411764705882353
Accuracy: 0.8354430379746836
AUC: 0.8738140417457305
MLP:
F1 Score Average: 0.6818181818181819
Precision Average: 0.5555555555555556
Recall Average: 0.8823529411764706
Accuracy: 0.8227848101265823
ROC: 0.844402277039848
MLP:
F1 Score Average: 0.6382978723404256
Precision Average: 0.5
Recall Average: 0.8823529411764706
Accuracy: 0.7848101265822784
ROC: 0.8202087286527514
MLP:
F1 Score Average: 0.6666666666666666
Precision Average: 0.5161290322580645
Recall Average: 0.9411764705882353
Accuracy: 0.7974683544303798
ROC: 0.8496204933586338
MLP:
F1 Score Average: 0.6818181818181819
Precision Average: 0.5555555555555556
Recall Average: 0.8823529411764706
Accuracy: 0.8227848101265823
ROC: 0.844402277039848
MLP:
F1 Score Average: 0.608695652173913
Precision Average: 0.48275862068965525
Recall Average: 0.8235294117647058
Accuracy: 0.7721518987341772
ROC: 0.790796963946869
MLP:
F1 Score Average: 0.6829268292682927
Precision Average: 0.5833333333333334
Recall Average: 0.8235294117647058
Accuracy: 0.8354430379746836
ROC: 0.8311195445920304
MLP:
F1 Score Average: 0.5957446808510638
Precision Average: 0.4666666666666667
Recall Average: 0.8235294117647058
Accuracy: 0.759493670886076
ROC: 0.7827324478178368
MLP:
F1 Score Average: 0.6190476190476191
Precision Average: 0.52
Recall Average: 0.7647058823529411
Accuracy: 0.7974683544303798
ROC: 0.7855787476280834
MLP:
F1 Score Average: 0.5818181818181818
Precision Average: 0.42105263157894735
Recall Average: 0.9411764705882353
Accuracy: 0.7088607594936709
ROC: 0.793168880455408
MLP:
F1 Score Average: 0.6511627906976744
Precision Average: 0.5384615384615384
Recall Average: 0.8235294117647058
Accuracy: 0.810126582278481
ROC: 0.8149905123339658
MLP:
F1 Score Average: 0.6666666666666667
Precision Average: 0.5357142857142857
Recall Average: 0.8823529411764706
Accuracy: 0.810126582278481
ROC: 0.8363377609108159

Fold: 10
Train data indices: [   0.    1.    2.    3.    5.    6.    7.    9.   10.   11.   13.   14.
   15.   16.   17.   19.   20.   21.   22.   24.   25.   29.   30.   32.
   33.   34.   35.   36.   39.   40.   42.   44.   45.   46.   47.   49.
   50.   51.   52.   53.   54.   55.   56.   57.   58.   59.   61.   62.
   63.   64.   65.   66.   67.   68.   69.   70.   71.   73.   75.   76.
   77.   78.   79.   80.   81.   83.   86.   87.   88.   89.   91.   94.
   95.   96.   97.   98.   99.  101.  102.  103.  104.  105.  106.  107.
  108.  109.  111.  112.  113.  116.  118.  119.  120.  121.  122.  123.
  124.  125.  126.  127.  129.  130.  131.  132.  133.  135.  136.  137.
  138.  139.  140.  142.  143.  145.  148.  149.  150.  151.  152.  153.
  154.  155.  157.  158.  159.  160.  161.  162.  164.  165.  167.  168.
  169.  170.  171.  173.  174.  175.  176.  178.  179.  180.  181.  182.
  183.  185.  186.  187.  188.  190.  191.  193.  194.  195.  196.  197.
  198.  199.  201.  202.  203.  204.  205.  207.  209.  210.  211.  214.
  215.  216.  219.  220.  221.  222.  223.  225.  226.  227.  228.  229.
  230.  231.  232.  233.  235.  236.  239.  240.  243.  245.  246.  247.
  249.  250.  252.  256.  257.  258.  259.  260.  261.  262.  264.  265.
  266.  267.  268.  269.  270.  271.  272.  273.  275.  276.  277.  279.
  280.  281.  282.  283.  285.  286.  287.  288.  291.  292.  293.  294.
  295.  296.  297.  298.  299.  300.  301.  302.  303.  304.  305.  307.
  309.  310.  311.  312.  313.  314.  315.  316.  317.  318.  319.  320.
  321.  322.  323.  324.  325.  326.  327.  328.  329.  330.  331.  333.
  334.  335.  336.  337.  338.  339.  342.  343.  344.  345.  346.  347.
  348.  349.  350.  352.  353.  354.  355.  356.  357.  358.  359.  360.
  361.  363.  364.  365.  367.  368.  369.  370.  371.  374.  375.  376.
  377.  378.  379.  380.  381.  382.  384.  385.  386.  387.  388.  389.
  390.]
Test data indices: [   4.    8.   12.   18.   23.   26.   27.   28.   31.   37.   38.   41.
   43.   48.   60.   72.   74.   82.   84.   85.   90.   92.   93.  100.
  110.  114.  115.  117.  128.  134.  141.  144.  146.  147.  156.  163.
  166.  172.  177.  184.  189.  192.  200.  206.  208.  212.  213.  217.
  218.  224.  234.  237.  238.  241.  242.  244.  248.  251.  253.  254.
  255.  263.  274.  278.  284.  289.  290.  306.  308.  332.  340.  341.
  351.  362.  366.  372.  373.  383.  391.]
Ensemble:
F1: 0.5789473684210527
Precision: 0.4230769230769231
Recall: 0.9166666666666666
Accuracy: 0.7974683544303798
AUC: 0.8463930348258707
MLP:
F1 Score Average: 0.5
Precision Average: 0.34375
Recall Average: 0.9166666666666666
Accuracy: 0.7215189873417721
ROC: 0.8016169154228855
MLP:
F1 Score Average: 0.5454545454545454
Precision Average: 0.375
Recall Average: 1.0
Accuracy: 0.7468354430379747
ROC: 0.8507462686567164
MLP:
F1 Score Average: 0.5365853658536586
Precision Average: 0.37931034482758613
Recall Average: 0.9166666666666666
Accuracy: 0.759493670886076
ROC: 0.824004975124378
MLP:
F1 Score Average: 0.5365853658536586
Precision Average: 0.37931034482758613
Recall Average: 0.9166666666666666
Accuracy: 0.759493670886076
ROC: 0.824004975124378
MLP:
F1 Score Average: 0.6486486486486487
Precision Average: 0.48
Recall Average: 1.0
Accuracy: 0.8354430379746836
ROC: 0.9029850746268657
MLP:
F1 Score Average: 0.5116279069767442
Precision Average: 0.3548387096774193
Recall Average: 0.9166666666666666
Accuracy: 0.7341772151898734
ROC: 0.8090796019900497
MLP:
F1 Score Average: 0.5517241379310345
Precision Average: 0.4705882352941176
Recall Average: 0.6666666666666666
Accuracy: 0.8354430379746836
ROC: 0.7661691542288557
MLP:
F1 Score Average: 0.5263157894736842
Precision Average: 0.38461538461538464
Recall Average: 0.8333333333333334
Accuracy: 0.7721518987341772
ROC: 0.7972636815920399
MLP:
F1 Score Average: 0.5555555555555556
Precision Average: 0.4166666666666667
Recall Average: 0.8333333333333334
Accuracy: 0.7974683544303798
ROC: 0.8121890547263683
MLP:
F1 Score Average: 0.5789473684210527
Precision Average: 0.4230769230769231
Recall Average: 0.9166666666666666
Accuracy: 0.7974683544303798
ROC: 0.8463930348258707
MLP:
F1 Score Average: 0.5714285714285715
Precision Average: 0.4000000000000001
Recall Average: 1.0
Accuracy: 0.7721518987341772
ROC: 0.8656716417910448

Fold: 10
Train data indices: [   0.    1.    3.    4.    5.    6.    7.    8.   10.   11.   12.   15.
   16.   18.   19.   20.   21.   22.   23.   24.   26.   27.   28.   29.
   30.   31.   33.   35.   36.   37.   38.   39.   40.   41.   42.   43.
   44.   45.   46.   47.   48.   49.   50.   51.   53.   56.   57.   58.
   60.   61.   64.   66.   67.   68.   69.   70.   71.   72.   74.   75.
   76.   77.   78.   79.   80.   82.   83.   84.   85.   88.   89.   90.
   91.   92.   93.   94.   96.   97.   99.  100.  101.  102.  103.  104.
  105.  106.  107.  108.  109.  110.  111.  113.  114.  115.  116.  117.
  118.  119.  120.  121.  122.  124.  126.  128.  129.  130.  132.  133.
  134.  135.  136.  138.  139.  140.  141.  142.  143.  144.  146.  147.
  148.  149.  150.  151.  152.  153.  156.  157.  159.  160.  162.  163.
  164.  165.  166.  167.  168.  170.  171.  172.  173.  174.  175.  176.
  177.  178.  183.  184.  185.  186.  189.  190.  191.  192.  193.  194.
  195.  196.  198.  199.  200.  203.  204.  206.  207.  208.  210.  211.
  212.  213.  214.  215.  216.  217.  218.  220.  221.  222.  223.  224.
  225.  226.  227.  228.  229.  230.  231.  232.  233.  234.  235.  236.
  237.  238.  239.  240.  241.  242.  243.  244.  245.  248.  249.  250.
  251.  252.  253.  254.  255.  256.  261.  262.  263.  264.  265.  266.
  267.  269.  270.  271.  272.  273.  274.  276.  277.  278.  279.  280.
  281.  282.  283.  284.  285.  286.  287.  289.  290.  292.  294.  295.
  296.  298.  299.  300.  303.  305.  306.  308.  309.  310.  312.  313.
  315.  316.  317.  318.  319.  320.  321.  322.  323.  324.  325.  326.
  327.  329.  330.  331.  332.  334.  335.  336.  338.  339.  340.  341.
  342.  344.  345.  347.  348.  349.  351.  352.  354.  355.  356.  357.
  358.  359.  360.  361.  362.  364.  365.  366.  367.  369.  370.  372.
  373.  374.  375.  376.  378.  380.  383.  384.  385.  386.  387.  388.
  389.  391.]
Test data indices: [   2.    9.   13.   14.   17.   25.   32.   34.   52.   54.   55.   59.
   62.   63.   65.   73.   81.   86.   87.   95.   98.  112.  123.  125.
  127.  131.  137.  145.  154.  155.  158.  161.  169.  179.  180.  181.
  182.  187.  188.  197.  201.  202.  205.  209.  219.  246.  247.  257.
  258.  259.  260.  268.  275.  288.  291.  293.  297.  301.  302.  304.
  307.  311.  314.  328.  333.  337.  343.  346.  350.  353.  363.  368.
  371.  377.  379.  381.  382.  390.]
Ensemble:
F1: 0.7027027027027029
Precision: 0.8666666666666667
Recall: 0.5909090909090909
Accuracy: 0.8589743589743589
AUC: 0.7775974025974025
MLP:
F1 Score Average: 0.7428571428571428
Precision Average: 1.0
Recall Average: 0.5909090909090909
Accuracy: 0.8846153846153846
ROC: 0.7954545454545454
MLP:
F1 Score Average: 0.6818181818181818
Precision Average: 0.6818181818181818
Recall Average: 0.6818181818181818
Accuracy: 0.8205128205128205
ROC: 0.7784090909090908
MLP:
F1 Score Average: 0.6341463414634148
Precision Average: 0.6842105263157895
Recall Average: 0.5909090909090909
Accuracy: 0.8076923076923077
ROC: 0.7418831168831168
MLP:
F1 Score Average: 0.7777777777777778
Precision Average: 1.0
Recall Average: 0.6363636363636364
Accuracy: 0.8974358974358975
ROC: 0.8181818181818181
MLP:
F1 Score Average: 0.7142857142857143
Precision Average: 0.75
Recall Average: 0.6818181818181818
Accuracy: 0.8461538461538461
ROC: 0.7962662337662336
MLP:
F1 Score Average: 0.6249999999999999
Precision Average: 0.5769230769230769
Recall Average: 0.6818181818181818
Accuracy: 0.7692307692307693
ROC: 0.7426948051948051
MLP:
F1 Score Average: 0.6
Precision Average: 0.6666666666666666
Recall Average: 0.5454545454545454
Accuracy: 0.7948717948717948
ROC: 0.7191558441558442
MLP:
F1 Score Average: 0.5531914893617023
Precision Average: 0.52
Recall Average: 0.5909090909090909
Accuracy: 0.7307692307692307
ROC: 0.6883116883116883
MLP:
F1 Score Average: 0.45161290322580644
Precision Average: 0.7777777777777778
Recall Average: 0.3181818181818182
Accuracy: 0.782051282051282
ROC: 0.6412337662337663
MLP:
F1 Score Average: 0.6153846153846153
Precision Average: 0.7058823529411765
Recall Average: 0.5454545454545454
Accuracy: 0.8076923076923077
ROC: 0.7280844155844155
MLP:
F1 Score Average: 0.6976744186046512
Precision Average: 0.7142857142857143
Recall Average: 0.6818181818181818
Accuracy: 0.8333333333333334
ROC: 0.7873376623376623

Fold: 10
Train data indices: [   1.    2.    3.    4.    7.    8.    9.   11.   12.   13.   14.   16.
   17.   18.   19.   23.   24.   25.   26.   27.   28.   30.   31.   32.
   34.   36.   37.   38.   41.   43.   44.   46.   47.   48.   49.   50.
   51.   52.   53.   54.   55.   59.   60.   62.   63.   65.   66.   67.
   68.   69.   72.   73.   74.   75.   76.   77.   81.   82.   83.   84.
   85.   86.   87.   89.   90.   91.   92.   93.   94.   95.   96.   98.
  100.  102.  103.  104.  107.  110.  111.  112.  114.  115.  117.  118.
  119.  120.  121.  122.  123.  124.  125.  126.  127.  128.  129.  130.
  131.  133.  134.  135.  136.  137.  138.  139.  141.  143.  144.  145.
  146.  147.  148.  150.  151.  152.  154.  155.  156.  157.  158.  161.
  162.  163.  164.  165.  166.  168.  169.  170.  171.  172.  173.  174.
  175.  177.  179.  180.  181.  182.  184.  185.  186.  187.  188.  189.
  191.  192.  193.  194.  195.  196.  197.  198.  199.  200.  201.  202.
  203.  204.  205.  206.  207.  208.  209.  212.  213.  214.  215.  217.
  218.  219.  220.  221.  222.  223.  224.  225.  226.  227.  229.  230.
  232.  233.  234.  235.  236.  237.  238.  240.  241.  242.  243.  244.
  245.  246.  247.  248.  250.  251.  253.  254.  255.  256.  257.  258.
  259.  260.  262.  263.  265.  266.  267.  268.  271.  272.  273.  274.
  275.  276.  277.  278.  280.  282.  283.  284.  285.  286.  287.  288.
  289.  290.  291.  293.  294.  295.  296.  297.  299.  300.  301.  302.
  304.  305.  306.  307.  308.  309.  310.  311.  313.  314.  315.  316.
  317.  318.  321.  322.  323.  324.  326.  327.  328.  329.  331.  332.
  333.  334.  335.  336.  337.  338.  340.  341.  343.  345.  346.  348.
  349.  350.  351.  352.  353.  354.  355.  356.  357.  358.  359.  360.
  361.  362.  363.  364.  366.  367.  368.  369.  371.  372.  373.  374.
  376.  377.  378.  379.  381.  382.  383.  384.  385.  387.  388.  389.
  390.  391.]
Test data indices: [   0.    5.    6.   10.   15.   20.   21.   22.   29.   33.   35.   39.
   40.   42.   45.   56.   57.   58.   61.   64.   70.   71.   78.   79.
   80.   88.   97.   99.  101.  105.  106.  108.  109.  113.  116.  132.
  140.  142.  149.  153.  159.  160.  167.  176.  178.  183.  190.  210.
  211.  216.  228.  231.  239.  249.  252.  261.  264.  269.  270.  279.
  281.  292.  298.  303.  312.  319.  320.  325.  330.  339.  342.  344.
  347.  365.  370.  375.  380.  386.]
Ensemble:
F1: 0.679245283018868
Precision: 0.5806451612903226
Recall: 0.8181818181818182
Accuracy: 0.782051282051282
AUC: 0.7930194805194806
MLP:
F1 Score Average: 0.6896551724137931
Precision Average: 0.5555555555555556
Recall Average: 0.9090909090909091
Accuracy: 0.7692307692307693
ROC: 0.8116883116883118
MLP:
F1 Score Average: 0.7017543859649122
Precision Average: 0.5714285714285714
Recall Average: 0.9090909090909091
Accuracy: 0.782051282051282
ROC: 0.8206168831168832
MLP:
F1 Score Average: 0.5964912280701754
Precision Average: 0.4857142857142857
Recall Average: 0.7727272727272727
Accuracy: 0.7051282051282052
ROC: 0.7256493506493507
MLP:
F1 Score Average: 0.7200000000000001
Precision Average: 0.6428571428571429
Recall Average: 0.8181818181818182
Accuracy: 0.8205128205128205
ROC: 0.8198051948051949
MLP:
F1 Score Average: 0.68
Precision Average: 0.6071428571428571
Recall Average: 0.7727272727272727
Accuracy: 0.7948717948717948
ROC: 0.7881493506493507
MLP:
F1 Score Average: 0.6956521739130435
Precision Average: 0.6666666666666666
Recall Average: 0.7272727272727273
Accuracy: 0.8205128205128205
ROC: 0.7922077922077922
MLP:
F1 Score Average: 0.6666666666666666
Precision Average: 0.5625
Recall Average: 0.8181818181818182
Accuracy: 0.7692307692307693
ROC: 0.7840909090909092
MLP:
F1 Score Average: 0.6415094339622641
Precision Average: 0.5483870967741935
Recall Average: 0.7727272727272727
Accuracy: 0.7564102564102564
ROC: 0.7613636363636364
MLP:
F1 Score Average: 0.7169811320754716
Precision Average: 0.6129032258064516
Recall Average: 0.8636363636363636
Accuracy: 0.8076923076923077
ROC: 0.8246753246753247
MLP:
F1 Score Average: 0.64
Precision Average: 0.5714285714285714
Recall Average: 0.7272727272727273
Accuracy: 0.7692307692307693
ROC: 0.7564935064935066
MLP:
F1 Score Average: 0.6206896551724137
Precision Average: 0.5
Recall Average: 0.8181818181818182
Accuracy: 0.717948717948718
ROC: 0.7483766233766235

Fold: 10
Train data indices: [   0.    1.    2.    3.    4.    5.    6.    7.    8.    9.   10.   11.
   12.   13.   14.   15.   16.   17.   18.   19.   20.   21.   22.   23.
   24.   25.   26.   27.   28.   29.   30.   31.   32.   33.   34.   35.
   36.   37.   38.   39.   40.   41.   42.   43.   44.   45.   46.   47.
   48.   50.   51.   52.   54.   55.   56.   57.   58.   59.   60.   61.
   62.   63.   64.   65.   66.   67.   68.   69.   70.   71.   72.   73.
   74.   77.   78.   79.   80.   81.   82.   83.   84.   85.   86.   87.
   88.   90.   92.   93.   95.   96.   97.   98.   99.  100.  101.  105.
  106.  107.  108.  109.  110.  112.  113.  114.  115.  116.  117.  120.
  122.  123.  124.  125.  126.  127.  128.  129.  130.  131.  132.  134.
  135.  137.  139.  140.  141.  142.  144.  145.  146.  147.  149.  150.
  153.  154.  155.  156.  158.  159.  160.  161.  163.  164.  166.  167.
  169.  171.  172.  173.  174.  175.  176.  177.  178.  179.  180.  181.
  182.  183.  184.  187.  188.  189.  190.  192.  195.  197.  198.  200.
  201.  202.  205.  206.  208.  209.  210.  211.  212.  213.  216.  217.
  218.  219.  221.  224.  228.  230.  231.  232.  234.  236.  237.  238.
  239.  240.  241.  242.  243.  244.  246.  247.  248.  249.  251.  252.
  253.  254.  255.  257.  258.  259.  260.  261.  262.  263.  264.  266.
  268.  269.  270.  272.  273.  274.  275.  277.  278.  279.  281.  283.
  284.  285.  286.  288.  289.  290.  291.  292.  293.  297.  298.  299.
  300.  301.  302.  303.  304.  305.  306.  307.  308.  311.  312.  313.
  314.  315.  318.  319.  320.  324.  325.  327.  328.  329.  330.  331.
  332.  333.  337.  338.  339.  340.  341.  342.  343.  344.  346.  347.
  348.  349.  350.  351.  353.  354.  355.  357.  358.  359.  360.  361.
  362.  363.  365.  366.  367.  368.  369.  370.  371.  372.  373.  374.
  375.  377.  378.  379.  380.  381.  382.  383.  385.  386.  387.  389.
  390.  391.]
Test data indices: [  49.   53.   75.   76.   89.   91.   94.  102.  103.  104.  111.  118.
  119.  121.  133.  136.  138.  143.  148.  151.  152.  157.  162.  165.
  168.  170.  185.  186.  191.  193.  194.  196.  199.  203.  204.  207.
  214.  215.  220.  222.  223.  225.  226.  227.  229.  233.  235.  245.
  250.  256.  265.  267.  271.  276.  280.  282.  287.  294.  295.  296.
  309.  310.  316.  317.  321.  322.  323.  326.  334.  335.  336.  345.
  352.  356.  364.  376.  384.  388.]
Ensemble:
F1: 0.5454545454545454
Precision: 0.5
Recall: 0.6
Accuracy: 0.8076923076923077
AUC: 0.7285714285714286
MLP:
F1 Score Average: 0.5
Precision Average: 0.4
Recall Average: 0.6666666666666666
Accuracy: 0.7435897435897436
ROC: 0.7142857142857142
MLP:
F1 Score Average: 0.5945945945945945
Precision Average: 0.5
Recall Average: 0.7333333333333333
Accuracy: 0.8076923076923077
ROC: 0.7793650793650793
MLP:
F1 Score Average: 0.5641025641025641
Precision Average: 0.4583333333333333
Recall Average: 0.7333333333333333
Accuracy: 0.782051282051282
ROC: 0.7634920634920636
MLP:
F1 Score Average: 0.5806451612903225
Precision Average: 0.5625
Recall Average: 0.6
Accuracy: 0.8333333333333334
ROC: 0.7444444444444445
MLP:
F1 Score Average: 0.5294117647058824
Precision Average: 0.47368421052631576
Recall Average: 0.6
Accuracy: 0.7948717948717948
ROC: 0.7206349206349207
MLP:
F1 Score Average: 0.6
Precision Average: 0.6
Recall Average: 0.6
Accuracy: 0.8461538461538461
ROC: 0.7523809523809525
MLP:
F1 Score Average: 0.5333333333333333
Precision Average: 0.5333333333333333
Recall Average: 0.5333333333333333
Accuracy: 0.8205128205128205
ROC: 0.711111111111111
MLP:
F1 Score Average: 0.606060606060606
Precision Average: 0.5555555555555556
Recall Average: 0.6666666666666666
Accuracy: 0.8333333333333334
ROC: 0.7698412698412698
MLP:
F1 Score Average: 0.5555555555555556
Precision Average: 0.47619047619047616
Recall Average: 0.6666666666666666
Accuracy: 0.7948717948717948
ROC: 0.7460317460317458
MLP:
F1 Score Average: 0.5238095238095238
Precision Average: 0.4074074074074074
Recall Average: 0.7333333333333333
Accuracy: 0.7435897435897436
ROC: 0.7396825396825397
MLP:
F1 Score Average: 0.5294117647058824
Precision Average: 0.47368421052631576
Recall Average: 0.6
Accuracy: 0.7948717948717948
ROC: 0.7206349206349207

