Fold: 10
Train data indices: [   0.    2.    4.    5.    6.    7.    8.    9.   10.   12.   13.   14.
   15.   16.   17.   18.   19.   20.   23.   25.   26.   27.   29.   30.
   31.   32.   33.   35.   38.   39.   41.   43.   44.   45.   47.   48.
   49.   51.   52.   54.   55.   58.   59.   60.   61.   62.   63.   64.
   65.   66.   67.   68.   69.   71.   72.   74.   75.   76.   77.   79.
   81.   82.   83.   85.   87.   88.   89.   90.   91.   93.   95.   96.
   97.   98.   99.  100.  101.  105.  107.  109.  110.  111.  112.  113.
  114.  116.  117.  118.  119.  120.  122.  124.  125.  126.  127.  129.
  130.  131.  132.  133.  134.  135.  137.  140.  142.  143.  144.  146.
  148.  150.  151.  152.  153.  154.  155.  156.  157.  158.  160.  161.
  162.  163.  164.  165.  166.  168.  169.  170.  171.  172.  173.  174.
  176.  177.  178.  179.  180.  181.  182.  183.  184.  185.  186.  187.
  188.  189.  190.  191.  192.  193.  194.  196.  197.  198.  199.  200.
  201.  202.  203.  205.  206.  207.  208.  209.  210.  211.  212.  213.
  216.  217.  218.  219.  220.  223.  225.  227.  228.  230.  231.  232.
  233.  234.  236.  237.  239.  240.  241.  243.  244.  245.  246.  247.
  248.  249.  250.  251.  252.  253.  254.  256.  257.  258.  259.  260.
  261.  263.  264.  265.  266.  267.  269.  270.  271.  273.  274.  275.
  276.  277.  278.  280.  281.  282.  284.  285.  286.  287.  288.  289.
  290.  291.  293.  294.  295.  296.  297.  298.  299.  300.  301.  303.
  304.  305.  306.  307.  308.  309.  310.  312.  315.  316.  318.  320.
  322.  323.  324.  325.  326.  327.  328.  330.  331.  333.  335.  336.
  338.  339.  340.  341.  342.  344.  345.  346.  347.  348.  349.  350.
  353.  354.  355.  356.  357.  358.  360.  361.  362.  366.  368.  370.
  371.  372.  373.  374.  375.  376.  378.  379.  380.  382.  383.  385.
  386.  389.  390.  391.  393.  394.  396.  397.  398.  399.  400.  401.
  402.  403.  404.  405.  406.  407.  408.  409.  410.  411.  412.  413.
  414.  415.  416.  417.  418.  419.  420.  421.  422.  423.  424.  425.
  426.  427.  428.  429.  431.  432.  433.  435.  436.  437.  438.  439.
  440.  441.  444.  445.  447.  448.  449.  450.  451.  452.  454.  455.
  457.  458.  459.  460.  461.  462.  463.  464.  465.  466.  467.  468.
  469.  470.  471.  472.  473.  474.  475.  476.  477.  478.  479.  480.
  481.  482.  483.  484.  485.  486.  489.  490.  491.  492.  494.  495.
  496.  497.  498.  499.  500.]
Test data indices: [   1.    3.   11.   21.   22.   24.   28.   34.   36.   37.   40.   42.
   46.   50.   53.   56.   57.   70.   73.   78.   80.   84.   86.   92.
   94.  102.  103.  104.  106.  108.  115.  121.  123.  128.  136.  138.
  139.  141.  145.  147.  149.  159.  167.  175.  195.  204.  214.  215.
  221.  222.  224.  226.  229.  235.  238.  242.  255.  262.  268.  272.
  279.  283.  292.  302.  311.  313.  314.  317.  319.  321.  329.  332.
  334.  337.  343.  351.  352.  359.  363.  364.  365.  367.  369.  377.
  381.  384.  387.  388.  392.  395.  430.  434.  442.  443.  446.  453.
  456.  487.  488.  493.  501.]
Ensemble:
F1: 0.5070422535211269
Precision: 0.3829787234042554
Recall: 0.75
Accuracy: 0.6534653465346535
AUC: 0.6866883116883117
MLP:
F1 Score Average: 0.5263157894736842
Precision Average: 0.38461538461538464
Recall Average: 0.8333333333333334
Accuracy: 0.6435643564356436
ROC: 0.7088744588744589
MLP:
F1 Score Average: 0.5428571428571429
Precision Average: 0.41304347826086957
Recall Average: 0.7916666666666666
Accuracy: 0.6831683168316832
ROC: 0.7205086580086579
MLP:
F1 Score Average: 0.42857142857142855
Precision Average: 0.3
Recall Average: 0.75
Accuracy: 0.5247524752475248
ROC: 0.6022727272727273
MLP:
F1 Score Average: 0.43750000000000006
Precision Average: 0.2916666666666667
Recall Average: 0.875
Accuracy: 0.46534653465346537
ROC: 0.6063311688311688
MLP:
F1 Score Average: 0.4411764705882353
Precision Average: 0.3409090909090909
Recall Average: 0.625
Accuracy: 0.6237623762376238
ROC: 0.6241883116883117
MLP:
F1 Score Average: 0.4594594594594595
Precision Average: 0.34
Recall Average: 0.7083333333333334
Accuracy: 0.6039603960396039
ROC: 0.6398809523809524
MLP:
F1 Score Average: 0.5
Precision Average: 0.3863636363636364
Recall Average: 0.7083333333333334
Accuracy: 0.6633663366336634
ROC: 0.6788419913419914
MLP:
F1 Score Average: 0.43243243243243246
Precision Average: 0.32
Recall Average: 0.6666666666666666
Accuracy: 0.5841584158415841
ROC: 0.6125541125541125
MLP:
F1 Score Average: 0.48648648648648657
Precision Average: 0.36000000000000004
Recall Average: 0.75
Accuracy: 0.6237623762376238
ROC: 0.6672077922077921
MLP:
F1 Score Average: 0.4745762711864407
Precision Average: 0.4000000000000001
Recall Average: 0.5833333333333334
Accuracy: 0.693069306930693
ROC: 0.6553030303030304
MLP:
F1 Score Average: 0.43333333333333335
Precision Average: 0.3611111111111111
Recall Average: 0.5416666666666666
Accuracy: 0.6633663366336634
ROC: 0.6214826839826839

Fold: 10
Train data indices: [   0.    1.    2.    3.    4.    5.    7.    8.    9.   10.   11.   12.
   13.   14.   16.   17.   19.   20.   21.   22.   24.   25.   28.   29.
   30.   31.   32.   33.   34.   35.   36.   37.   38.   39.   40.   41.
   42.   43.   44.   45.   46.   47.   49.   50.   51.   52.   53.   54.
   55.   56.   57.   58.   60.   63.   64.   65.   66.   67.   69.   70.
   71.   72.   73.   74.   75.   76.   77.   78.   79.   80.   81.   83.
   84.   85.   86.   88.   90.   91.   92.   93.   94.   95.   96.   97.
   98.  100.  101.  102.  103.  104.  105.  106.  107.  108.  109.  111.
  112.  114.  115.  116.  117.  118.  119.  120.  121.  123.  124.  125.
  127.  128.  130.  131.  133.  134.  135.  136.  137.  138.  139.  140.
  141.  142.  144.  145.  146.  147.  148.  149.  150.  152.  153.  154.
  155.  156.  157.  158.  159.  160.  161.  162.  164.  165.  166.  167.
  168.  169.  170.  171.  172.  173.  174.  175.  176.  177.  178.  179.
  180.  181.  182.  183.  184.  185.  187.  192.  193.  194.  195.  198.
  199.  200.  201.  203.  204.  206.  207.  208.  209.  210.  211.  212.
  213.  214.  215.  216.  220.  221.  222.  224.  226.  227.  228.  229.
  234.  235.  236.  238.  239.  240.  241.  242.  244.  245.  246.  247.
  248.  249.  250.  252.  253.  254.  255.  257.  259.  260.  262.  264.
  265.  267.  268.  269.  271.  272.  273.  274.  277.  278.  279.  280.
  281.  282.  283.  285.  286.  287.  288.  289.  290.  291.  292.  293.
  294.  295.  297.  302.  304.  307.  308.  309.  310.  311.  313.  314.
  315.  316.  317.  319.  320.  321.  324.  325.  326.  327.  328.  329.
  332.  333.  334.  335.  336.  337.  339.  340.  341.  343.  344.  349.
  350.  351.  352.  353.  354.  355.  356.  358.  359.  360.  361.  362.
  363.  364.  365.  366.  367.  369.  370.  371.  372.  373.  377.  379.
  380.  381.  382.  383.  384.  386.  387.  388.  389.  391.  392.  393.
  394.  395.  396.  397.  398.  399.  400.  401.  403.  404.  405.  406.
  407.  409.  410.  411.  412.  413.  415.  416.  417.  420.  421.  422.
  424.  425.  426.  427.  428.  429.  430.  431.  432.  434.  435.  436.
  437.  439.  440.  441.  442.  443.  444.  446.  449.  450.  452.  453.
  455.  456.  457.  458.  459.  460.  461.  462.  463.  464.  465.  466.
  468.  469.  470.  471.  473.  474.  475.  476.  477.  478.  479.  481.
  482.  484.  485.  486.  487.  488.  490.  491.  492.  493.  494.  495.
  496.  497.  498.  500.  501.]
Test data indices: [   6.   15.   18.   23.   26.   27.   48.   59.   61.   62.   68.   82.
   87.   89.   99.  110.  113.  122.  126.  129.  132.  143.  151.  163.
  186.  188.  189.  190.  191.  196.  197.  202.  205.  217.  218.  219.
  223.  225.  230.  231.  232.  233.  237.  243.  251.  256.  258.  261.
  263.  266.  270.  275.  276.  284.  296.  298.  299.  300.  301.  303.
  305.  306.  312.  318.  322.  323.  330.  331.  338.  342.  345.  346.
  347.  348.  357.  368.  374.  375.  376.  378.  385.  390.  402.  408.
  414.  418.  419.  423.  433.  438.  445.  447.  448.  451.  454.  467.
  472.  480.  483.  489.  499.]
Ensemble:
F1: 0.6285714285714286
Precision: 0.5365853658536586
Recall: 0.7586206896551724
Accuracy: 0.7425742574257426
AUC: 0.7473659003831418
MLP:
F1 Score Average: 0.5846153846153845
Precision Average: 0.5277777777777778
Recall Average: 0.6551724137931034
Accuracy: 0.7326732673267327
ROC: 0.7095306513409961
MLP:
F1 Score Average: 0.5588235294117647
Precision Average: 0.48717948717948717
Recall Average: 0.6551724137931034
Accuracy: 0.7029702970297029
ROC: 0.6886973180076628
MLP:
F1 Score Average: 0.5454545454545455
Precision Average: 0.4375
Recall Average: 0.7241379310344828
Accuracy: 0.6534653465346535
ROC: 0.6745689655172413
MLP:
F1 Score Average: 0.5454545454545454
Precision Average: 0.4067796610169492
Recall Average: 0.8275862068965517
Accuracy: 0.6039603960396039
ROC: 0.6707375478927202
MLP:
F1 Score Average: 0.523076923076923
Precision Average: 0.4722222222222222
Recall Average: 0.5862068965517241
Accuracy: 0.693069306930693
ROC: 0.6611590038314177
MLP:
F1 Score Average: 0.5194805194805195
Precision Average: 0.4166666666666667
Recall Average: 0.6896551724137931
Accuracy: 0.6336633663366337
ROC: 0.6503831417624522
MLP:
F1 Score Average: 0.5945945945945945
Precision Average: 0.4888888888888889
Recall Average: 0.7586206896551724
Accuracy: 0.7029702970297029
ROC: 0.719588122605364
MLP:
F1 Score Average: 0.5227272727272727
Precision Average: 0.3898305084745763
Recall Average: 0.7931034482758621
Accuracy: 0.5841584158415841
ROC: 0.646551724137931
MLP:
F1 Score Average: 0.5263157894736843
Precision Average: 0.5357142857142857
Recall Average: 0.5172413793103449
Accuracy: 0.7326732673267327
ROC: 0.6683429118773946
MLP:
F1 Score Average: 0.45569620253164556
Precision Average: 0.36
Recall Average: 0.6206896551724138
Accuracy: 0.5742574257425742
ROC: 0.5881226053639846
MLP:
F1 Score Average: 0.507936507936508
Precision Average: 0.47058823529411764
Recall Average: 0.5517241379310345
Accuracy: 0.693069306930693
ROC: 0.6508620689655172

Fold: 10
Train data indices: [   1.    2.    3.    4.    6.    7.    9.   10.   11.   12.   14.   15.
   16.   17.   18.   19.   20.   21.   22.   23.   24.   26.   27.   28.
   29.   32.   34.   35.   36.   37.   38.   39.   40.   41.   42.   43.
   44.   45.   46.   47.   48.   49.   50.   51.   52.   53.   55.   56.
   57.   59.   60.   61.   62.   63.   65.   66.   68.   69.   70.   73.
   75.   76.   77.   78.   79.   80.   81.   82.   83.   84.   85.   86.
   87.   88.   89.   90.   91.   92.   94.   95.   96.   98.   99.  100.
  101.  102.  103.  104.  105.  106.  108.  109.  110.  111.  112.  113.
  114.  115.  117.  118.  119.  120.  121.  122.  123.  126.  127.  128.
  129.  130.  132.  133.  135.  136.  138.  139.  141.  142.  143.  144.
  145.  146.  147.  148.  149.  151.  152.  153.  154.  155.  156.  157.
  158.  159.  160.  161.  162.  163.  164.  166.  167.  170.  171.  173.
  174.  175.  176.  178.  179.  181.  182.  183.  184.  186.  187.  188.
  189.  190.  191.  192.  193.  194.  195.  196.  197.  198.  200.  201.
  202.  203.  204.  205.  209.  211.  212.  213.  214.  215.  217.  218.
  219.  220.  221.  222.  223.  224.  225.  226.  227.  228.  229.  230.
  231.  232.  233.  235.  237.  238.  242.  243.  244.  245.  247.  250.
  251.  252.  253.  254.  255.  256.  258.  260.  261.  262.  263.  265.
  266.  267.  268.  270.  271.  272.  274.  275.  276.  277.  278.  279.
  281.  282.  283.  284.  286.  287.  289.  290.  292.  293.  294.  296.
  298.  299.  300.  301.  302.  303.  304.  305.  306.  308.  309.  310.
  311.  312.  313.  314.  316.  317.  318.  319.  320.  321.  322.  323.
  325.  326.  327.  329.  330.  331.  332.  334.  335.  337.  338.  339.
  340.  341.  342.  343.  344.  345.  346.  347.  348.  351.  352.  354.
  355.  356.  357.  359.  361.  363.  364.  365.  367.  368.  369.  373.
  374.  375.  376.  377.  378.  380.  381.  383.  384.  385.  386.  387.
  388.  390.  391.  392.  393.  394.  395.  397.  398.  399.  400.  402.
  403.  404.  408.  410.  411.  412.  413.  414.  415.  417.  418.  419.
  420.  423.  427.  428.  430.  431.  432.  433.  434.  435.  436.  437.
  438.  439.  440.  442.  443.  444.  445.  446.  447.  448.  450.  451.
  452.  453.  454.  456.  457.  459.  460.  461.  462.  463.  464.  465.
  467.  468.  469.  470.  471.  472.  473.  474.  475.  477.  478.  480.
  482.  483.  484.  485.  486.  487.  488.  489.  491.  492.  493.  494.
  495.  496.  497.  499.  500.  501.]
Test data indices: [   0.    5.    8.   13.   25.   30.   31.   33.   54.   58.   64.   67.
   71.   72.   74.   93.   97.  107.  116.  124.  125.  131.  134.  137.
  140.  150.  165.  168.  169.  172.  177.  180.  185.  199.  206.  207.
  208.  210.  216.  234.  236.  239.  240.  241.  246.  248.  249.  257.
  259.  264.  269.  273.  280.  285.  288.  291.  295.  297.  307.  315.
  324.  328.  333.  336.  349.  350.  353.  358.  360.  362.  366.  370.
  371.  372.  379.  382.  389.  396.  401.  405.  406.  407.  409.  416.
  421.  422.  424.  425.  426.  429.  441.  449.  455.  458.  466.  476.
  479.  481.  490.  498.]
Ensemble:
F1: 0.5633802816901409
Precision: 0.5128205128205128
Recall: 0.625
Accuracy: 0.69
AUC: 0.6727941176470588
MLP:
F1 Score Average: 0.5405405405405405
Precision Average: 0.47619047619047616
Recall Average: 0.625
Accuracy: 0.66
ROC: 0.6507352941176471
MLP:
F1 Score Average: 0.6101694915254238
Precision Average: 0.6666666666666666
Recall Average: 0.5625
Accuracy: 0.77
ROC: 0.7150735294117647
MLP:
F1 Score Average: 0.5753424657534246
Precision Average: 0.5121951219512195
Recall Average: 0.65625
Accuracy: 0.69
ROC: 0.6810661764705882
MLP:
F1 Score Average: 0.5569620253164557
Precision Average: 0.46808510638297873
Recall Average: 0.6875
Accuracy: 0.65
ROC: 0.6599264705882353
MLP:
F1 Score Average: 0.5714285714285715
Precision Average: 0.5806451612903226
Recall Average: 0.5625
Accuracy: 0.73
ROC: 0.6856617647058824
MLP:
F1 Score Average: 0.5599999999999999
Precision Average: 0.4883720930232558
Recall Average: 0.65625
Accuracy: 0.67
ROC: 0.6663602941176471
MLP:
F1 Score Average: 0.5
Precision Average: 0.45
Recall Average: 0.5625
Accuracy: 0.64
ROC: 0.6194852941176472
MLP:
F1 Score Average: 0.5194805194805195
Precision Average: 0.4444444444444444
Recall Average: 0.625
Accuracy: 0.63
ROC: 0.6286764705882353
MLP:
F1 Score Average: 0.5316455696202532
Precision Average: 0.44680851063829785
Recall Average: 0.65625
Accuracy: 0.63
ROC: 0.6369485294117647
MLP:
F1 Score Average: 0.5641025641025642
Precision Average: 0.4782608695652174
Recall Average: 0.6875
Accuracy: 0.66
ROC: 0.6672794117647058
MLP:
F1 Score Average: 0.5789473684210527
Precision Average: 0.5
Recall Average: 0.6875
Accuracy: 0.68
ROC: 0.6819852941176471

Fold: 10
Train data indices: [   0.    1.    2.    3.    5.    6.    7.    8.    9.   11.   12.   13.
   15.   18.   19.   21.   22.   23.   24.   25.   26.   27.   28.   29.
   30.   31.   33.   34.   35.   36.   37.   38.   40.   42.   43.   44.
   45.   46.   48.   49.   50.   51.   52.   53.   54.   56.   57.   58.
   59.   61.   62.   64.   65.   66.   67.   68.   70.   71.   72.   73.
   74.   75.   77.   78.   79.   80.   82.   83.   84.   86.   87.   89.
   90.   92.   93.   94.   95.   96.   97.   99.  100.  102.  103.  104.
  106.  107.  108.  109.  110.  112.  113.  114.  115.  116.  117.  121.
  122.  123.  124.  125.  126.  127.  128.  129.  130.  131.  132.  133.
  134.  136.  137.  138.  139.  140.  141.  143.  145.  147.  148.  149.
  150.  151.  152.  154.  157.  159.  160.  162.  163.  164.  165.  167.
  168.  169.  170.  171.  172.  174.  175.  177.  178.  180.  182.  183.
  184.  185.  186.  188.  189.  190.  191.  192.  193.  195.  196.  197.
  199.  201.  202.  204.  205.  206.  207.  208.  209.  210.  214.  215.
  216.  217.  218.  219.  220.  221.  222.  223.  224.  225.  226.  227.
  229.  230.  231.  232.  233.  234.  235.  236.  237.  238.  239.  240.
  241.  242.  243.  246.  247.  248.  249.  251.  255.  256.  257.  258.
  259.  260.  261.  262.  263.  264.  265.  266.  267.  268.  269.  270.
  272.  273.  275.  276.  279.  280.  281.  283.  284.  285.  286.  288.
  291.  292.  293.  295.  296.  297.  298.  299.  300.  301.  302.  303.
  305.  306.  307.  308.  310.  311.  312.  313.  314.  315.  317.  318.
  319.  320.  321.  322.  323.  324.  325.  326.  327.  328.  329.  330.
  331.  332.  333.  334.  335.  336.  337.  338.  339.  341.  342.  343.
  344.  345.  346.  347.  348.  349.  350.  351.  352.  353.  354.  357.
  358.  359.  360.  361.  362.  363.  364.  365.  366.  367.  368.  369.
  370.  371.  372.  373.  374.  375.  376.  377.  378.  379.  381.  382.
  383.  384.  385.  387.  388.  389.  390.  391.  392.  395.  396.  398.
  400.  401.  402.  404.  405.  406.  407.  408.  409.  414.  416.  417.
  418.  419.  421.  422.  423.  424.  425.  426.  429.  430.  432.  433.
  434.  435.  437.  438.  439.  440.  441.  442.  443.  444.  445.  446.
  447.  448.  449.  450.  451.  452.  453.  454.  455.  456.  458.  459.
  461.  463.  466.  467.  468.  470.  472.  474.  475.  476.  477.  479.
  480.  481.  482.  483.  484.  485.  487.  488.  489.  490.  492.  493.
  496.  497.  498.  499.  500.  501.]
Test data indices: [   4.   10.   14.   16.   17.   20.   32.   39.   41.   47.   55.   60.
   63.   69.   76.   81.   85.   88.   91.   98.  101.  105.  111.  118.
  119.  120.  135.  142.  144.  146.  153.  155.  156.  158.  161.  166.
  173.  176.  179.  181.  187.  194.  198.  200.  203.  211.  212.  213.
  228.  244.  245.  250.  252.  253.  254.  271.  274.  277.  278.  282.
  287.  289.  290.  294.  304.  309.  316.  340.  355.  356.  380.  386.
  393.  394.  397.  399.  403.  410.  411.  412.  413.  415.  420.  427.
  428.  431.  436.  457.  460.  462.  464.  465.  469.  471.  473.  478.
  486.  491.  494.  495.]
Ensemble:
F1: 0.5
Precision: 0.4324324324324325
Recall: 0.5925925925925926
Accuracy: 0.68
AUC: 0.6524606798579401
MLP:
F1 Score Average: 0.42424242424242425
Precision Average: 0.358974358974359
Recall Average: 0.5185185185185185
Accuracy: 0.62
ROC: 0.5880263825469305
MLP:
F1 Score Average: 0.5797101449275363
Precision Average: 0.47619047619047616
Recall Average: 0.7407407407407407
Accuracy: 0.71
ROC: 0.7196854388635211
MLP:
F1 Score Average: 0.5316455696202531
Precision Average: 0.4038461538461538
Recall Average: 0.7777777777777778
Accuracy: 0.63
ROC: 0.6765601217656013
MLP:
F1 Score Average: 0.5666666666666667
Precision Average: 0.5151515151515151
Recall Average: 0.6296296296296297
Accuracy: 0.74
ROC: 0.7052257737189245
MLP:
F1 Score Average: 0.46875
Precision Average: 0.4054054054054055
Recall Average: 0.5555555555555556
Accuracy: 0.66
ROC: 0.6270928462709284
MLP:
F1 Score Average: 0.6229508196721312
Precision Average: 0.5588235294117647
Recall Average: 0.7037037037037037
Accuracy: 0.77
ROC: 0.7491121258244546
MLP:
F1 Score Average: 0.5599999999999999
Precision Average: 0.6086956521739131
Recall Average: 0.5185185185185185
Accuracy: 0.78
ROC: 0.6976154236428209
MLP:
F1 Score Average: 0.4545454545454546
Precision Average: 0.38461538461538464
Recall Average: 0.5555555555555556
Accuracy: 0.64
ROC: 0.6133942161339422
MLP:
F1 Score Average: 0.49350649350649356
Precision Average: 0.38
Recall Average: 0.7037037037037037
Accuracy: 0.61
ROC: 0.6395230847285642
MLP:
F1 Score Average: 0.5405405405405406
Precision Average: 0.425531914893617
Recall Average: 0.7407407407407407
Accuracy: 0.66
ROC: 0.6854388635210553
MLP:
F1 Score Average: 0.5
Precision Average: 0.4146341463414634
Recall Average: 0.6296296296296297
Accuracy: 0.66
ROC: 0.6504312531709793

Fold: 10
Train data indices: [   0.    1.    3.    4.    5.    6.    8.   10.   11.   13.   14.   15.
   16.   17.   18.   20.   21.   22.   23.   24.   25.   26.   27.   28.
   30.   31.   32.   33.   34.   36.   37.   39.   40.   41.   42.   46.
   47.   48.   50.   53.   54.   55.   56.   57.   58.   59.   60.   61.
   62.   63.   64.   67.   68.   69.   70.   71.   72.   73.   74.   76.
   78.   80.   81.   82.   84.   85.   86.   87.   88.   89.   91.   92.
   93.   94.   97.   98.   99.  101.  102.  103.  104.  105.  106.  107.
  108.  110.  111.  113.  115.  116.  118.  119.  120.  121.  122.  123.
  124.  125.  126.  128.  129.  131.  132.  134.  135.  136.  137.  138.
  139.  140.  141.  142.  143.  144.  145.  146.  147.  149.  150.  151.
  153.  155.  156.  158.  159.  161.  163.  165.  166.  167.  168.  169.
  172.  173.  175.  176.  177.  179.  180.  181.  185.  186.  187.  188.
  189.  190.  191.  194.  195.  196.  197.  198.  199.  200.  202.  203.
  204.  205.  206.  207.  208.  210.  211.  212.  213.  214.  215.  216.
  217.  218.  219.  221.  222.  223.  224.  225.  226.  228.  229.  230.
  231.  232.  233.  234.  235.  236.  237.  238.  239.  240.  241.  242.
  243.  244.  245.  246.  248.  249.  250.  251.  252.  253.  254.  255.
  256.  257.  258.  259.  261.  262.  263.  264.  266.  268.  269.  270.
  271.  272.  273.  274.  275.  276.  277.  278.  279.  280.  282.  283.
  284.  285.  287.  288.  289.  290.  291.  292.  294.  295.  296.  297.
  298.  299.  300.  301.  302.  303.  304.  305.  306.  307.  309.  311.
  312.  313.  314.  315.  316.  317.  318.  319.  321.  322.  323.  324.
  328.  329.  330.  331.  332.  333.  334.  336.  337.  338.  340.  342.
  343.  345.  346.  347.  348.  349.  350.  351.  352.  353.  355.  356.
  357.  358.  359.  360.  362.  363.  364.  365.  366.  367.  368.  369.
  370.  371.  372.  374.  375.  376.  377.  378.  379.  380.  381.  382.
  384.  385.  386.  387.  388.  389.  390.  392.  393.  394.  395.  396.
  397.  399.  401.  402.  403.  405.  406.  407.  408.  409.  410.  411.
  412.  413.  414.  415.  416.  418.  419.  420.  421.  422.  423.  424.
  425.  426.  427.  428.  429.  430.  431.  433.  434.  436.  438.  441.
  442.  443.  445.  446.  447.  448.  449.  451.  453.  454.  455.  456.
  457.  458.  460.  462.  464.  465.  466.  467.  469.  471.  472.  473.
  476.  478.  479.  480.  481.  483.  486.  487.  488.  489.  490.  491.
  493.  494.  495.  498.  499.  501.]
Test data indices: [   2.    7.    9.   12.   19.   29.   35.   38.   43.   44.   45.   49.
   51.   52.   65.   66.   75.   77.   79.   83.   90.   95.   96.  100.
  109.  112.  114.  117.  127.  130.  133.  148.  152.  154.  157.  160.
  162.  164.  170.  171.  174.  178.  182.  183.  184.  192.  193.  201.
  209.  220.  227.  247.  260.  265.  267.  281.  286.  293.  308.  310.
  320.  325.  326.  327.  335.  339.  341.  344.  354.  361.  373.  383.
  391.  398.  400.  404.  417.  432.  435.  437.  439.  440.  444.  450.
  452.  459.  461.  463.  468.  470.  474.  475.  477.  482.  484.  485.
  492.  496.  497.  500.]
Ensemble:
F1: 0.5757575757575758
Precision: 0.48717948717948717
Recall: 0.7037037037037037
Accuracy: 0.72
AUC: 0.7148655504819889
MLP:
F1 Score Average: 0.49350649350649356
Precision Average: 0.38
Recall Average: 0.7037037037037037
Accuracy: 0.61
ROC: 0.6395230847285642
MLP:
F1 Score Average: 0.5396825396825397
Precision Average: 0.4722222222222222
Recall Average: 0.6296296296296297
Accuracy: 0.71
ROC: 0.684677828513445
MLP:
F1 Score Average: 0.5964912280701755
Precision Average: 0.5666666666666667
Recall Average: 0.6296296296296297
Accuracy: 0.77
ROC: 0.7257737189244038
MLP:
F1 Score Average: 0.5555555555555555
Precision Average: 0.3968253968253968
Recall Average: 0.9259259259259259
Accuracy: 0.6
ROC: 0.7026889903602233
MLP:
F1 Score Average: 0.5945945945945945
Precision Average: 0.46808510638297873
Recall Average: 0.8148148148148148
Accuracy: 0.7
ROC: 0.7361745306950787
MLP:
F1 Score Average: 0.6027397260273973
Precision Average: 0.47826086956521735
Recall Average: 0.8148148148148148
Accuracy: 0.71
ROC: 0.7430238457635718
MLP:
F1 Score Average: 0.48837209302325585
Precision Average: 0.3559322033898305
Recall Average: 0.7777777777777778
Accuracy: 0.56
ROC: 0.6286149162861492
MLP:
F1 Score Average: 0.5555555555555556
Precision Average: 0.5555555555555556
Recall Average: 0.5555555555555556
Accuracy: 0.76
ROC: 0.69558599695586
MLP:
F1 Score Average: 0.5423728813559322
Precision Average: 0.5
Recall Average: 0.5925925925925926
Accuracy: 0.73
ROC: 0.6867072552004059
MLP:
F1 Score Average: 0.5185185185185185
Precision Average: 0.3888888888888889
Recall Average: 0.7777777777777778
Accuracy: 0.61
ROC: 0.6628614916286149
MLP:
F1 Score Average: 0.6779661016949153
Precision Average: 0.625
Recall Average: 0.7407407407407407
Accuracy: 0.81
ROC: 0.7881785895484525

