Fold: 10
Train data indices: [   0.    1.    2.    3.    4.    5.    6.    9.   10.   12.   13.   14.
   15.   16.   17.   19.   20.   21.   22.   23.   24.   25.   26.   28.
   29.   30.   31.   32.   33.   34.   35.   36.   37.   38.   40.   41.
   42.   43.   44.   45.   46.   47.   48.   49.   53.   54.   55.   56.
   57.   58.   59.   60.   61.   64.   65.   66.   67.   68.   70.   71.
   72.   73.   74.   76.   77.   78.   79.   80.   81.   82.   83.   84.
   86.   87.   88.   89.   90.   91.   92.   93.   94.   95.   97.   98.
   99.  100.  102.  103.  104.  105.  106.  108.  109.  111.  113.  114.
  116.  117.  119.  120.  121.  122.  123.  124.  125.  126.  127.  128.
  129.  130.  131.  132.  133.  135.  136.  137.  138.  139.  140.  142.
  143.  145.  146.  147.  148.  149.  150.  151.  152.  153.  154.  155.
  156.  157.  158.  159.  160.  161.  162.  163.  164.  165.  166.  169.
  170.  172.  173.  174.  175.  176.  177.  178.  180.  181.  183.  184.
  185.  186.  187.  188.  189.  190.  191.  192.  193.  195.  196.  197.
  198.  199.  200.  203.  205.  207.  208.  209.  210.  212.  213.  214.
  215.  216.  220.  223.  224.  225.  226.  227.  228.  229.  231.  233.
  234.  235.  236.  237.  238.  239.  240.  241.  245.  246.  249.  251.
  252.  254.  256.  257.  258.  259.  260.  261.  262.  264.  265.  266.
  267.  268.  269.  271.  272.  273.  274.  275.  276.  279.  280.  281.
  282.  283.  284.  286.  287.  289.  290.  291.  292.  294.  295.  296.
  297.  298.  299.  300.  302.  303.  304.  306.  307.  308.  309.  310.
  311.  312.  313.  314.  316.  317.  318.  319.  322.  323.  324.  325.
  326.  327.  328.  329.  330.  331.  332.  333.  334.  335.  336.  337.
  338.  339.  340.  341.  342.  343.  345.  346.  347.  348.  349.  350.
  351.  352.  353.  354.  356.  357.  358.  360.  362.  363.  364.  365.
  366.  367.  368.  369.  370.  371.  372.  374.  376.  377.  378.  379.
  380.  381.  382.  384.  386.  388.  390.  391.  393.  394.  396.  397.
  398.  400.  401.  403.  404.  405.  406.  408.  409.  412.  414.  415.
  416.  418.  419.  420.  422.  423.  424.  425.  426.  428.  431.  432.
  433.  439.  440.  441.  442.  443.  445.  447.  448.  449.  450.  451.
  452.  453.  454.  455.  456.  457.  458.  459.  460.  461.  462.  463.
  464.  465.  466.  468.  469.  470.  471.  473.  474.  475.  476.  477.
  478.  479.  480.  481.  482.  483.  484.  485.  486.  487.  488.  489.
  490.  491.  492.  494.  495.  496.  497.  498.  499.  500.  501.  502.
  503.  504.  505.  506.  509.  510.  511.  512.  513.  514.  517.  518.
  519.  520.  521.  522.  523.  525.  526.  527.  529.  531.  532.  534.
  535.  536.  539.  540.  541.  542.  543.  544.  545.  546.  547.  549.
  550.  551.  552.  553.  554.  555.  557.  558.  559.  560.  562.  563.
  564.  565.  566.  569.  570.  571.  573.  574.  575.  576.  577.  578.
  579.  580.  581.  582.  584.  585.  587.  589.  590.  592.  593.  594.
  599.  600.  601.  602.  603.  605.  606.  607.  608.  609.  611.  612.
  614.  615.  616.  618.  619.  620.  621.  624.  625.  626.  629.  631.
  632.  633.  635.  636.  637.  638.  639.  640.  641.  642.  643.  644.
  645.  646.  648.  651.  652.  654.  655.  656.  657.  658.  659.  660.
  661.  662.  663.  664.  666.  667.  668.  669.]
Test data indices: [   7.    8.   11.   18.   27.   39.   50.   51.   52.   62.   63.   69.
   75.   85.   96.  101.  107.  110.  112.  115.  118.  134.  141.  144.
  167.  168.  171.  179.  182.  194.  201.  202.  204.  206.  211.  217.
  218.  219.  221.  222.  230.  232.  242.  243.  244.  247.  248.  250.
  253.  255.  263.  270.  277.  278.  285.  288.  293.  301.  305.  315.
  320.  321.  344.  355.  359.  361.  373.  375.  383.  385.  387.  389.
  392.  395.  399.  402.  407.  410.  411.  413.  417.  421.  427.  429.
  430.  434.  435.  436.  437.  438.  444.  446.  467.  472.  493.  507.
  508.  515.  516.  524.  528.  530.  533.  537.  538.  548.  556.  561.
  567.  568.  572.  583.  586.  588.  591.  595.  596.  597.  598.  604.
  610.  613.  617.  622.  623.  627.  628.  630.  634.  647.  649.  650.
  653.  665.]
Ensemble:
F1: 0.7441860465116279
Precision: 0.6530612244897959
Recall: 0.8648648648648649
Accuracy: 0.835820895522388
AUC: 0.844803566453051
MLP:
F1 Score Average: 0.6274509803921569
Precision Average: 0.4923076923076923
Recall Average: 0.8648648648648649
Accuracy: 0.7164179104477612
ROC: 0.7623293396489272
MLP:
F1 Score Average: 0.7222222222222223
Precision Average: 0.7428571428571429
Recall Average: 0.7027027027027027
Accuracy: 0.8507462686567164
ROC: 0.8049595987740317
MLP:
F1 Score Average: 0.7058823529411764
Precision Average: 0.625
Recall Average: 0.8108108108108109
Accuracy: 0.8134328358208955
ROC: 0.8126219002507663
MLP:
F1 Score Average: 0.7710843373493975
Precision Average: 0.6956521739130435
Recall Average: 0.8648648648648649
Accuracy: 0.8582089552238806
ROC: 0.8602674839788242
MLP:
F1 Score Average: 0.5573770491803278
Precision Average: 0.4
Recall Average: 0.918918918918919
Accuracy: 0.5970149253731343
ROC: 0.6965728615213151
MLP:
F1 Score Average: 0.7021276595744681
Precision Average: 0.5789473684210527
Recall Average: 0.8918918918918919
Accuracy: 0.7910447761194029
ROC: 0.8222346057397604
MLP:
F1 Score Average: 0.6987951807228915
Precision Average: 0.6304347826086957
Recall Average: 0.7837837837837838
Accuracy: 0.8134328358208955
ROC: 0.8042630259125103
MLP:
F1 Score Average: 0.7692307692307694
Precision Average: 0.7317073170731707
Recall Average: 0.8108108108108109
Accuracy: 0.8656716417910447
ROC: 0.8487043744775704
MLP:
F1 Score Average: 0.7272727272727273
Precision Average: 0.6274509803921569
Recall Average: 0.8648648648648649
Accuracy: 0.8208955223880597
ROC: 0.8344942881025356
MLP:
F1 Score Average: 0.6888888888888889
Precision Average: 0.5849056603773585
Recall Average: 0.8378378378378378
Accuracy: 0.7910447761194029
ROC: 0.8055168570632487
MLP:
F1 Score Average: 0.7710843373493975
Precision Average: 0.6956521739130435
Recall Average: 0.8648648648648649
Accuracy: 0.8582089552238806
ROC: 0.8602674839788242

Fold: 10
Train data indices: [   0.    1.    2.    3.    4.    5.    7.    8.   10.   11.   13.   14.
   15.   16.   17.   18.   19.   21.   22.   23.   24.   25.   27.   29.
   31.   32.   33.   34.   35.   38.   39.   40.   41.   42.   43.   44.
   45.   46.   47.   48.   49.   50.   51.   52.   53.   56.   57.   58.
   59.   60.   61.   62.   63.   64.   65.   66.   67.   68.   69.   71.
   72.   74.   75.   77.   79.   80.   82.   83.   84.   85.   86.   89.
   91.   92.   93.   94.   96.   97.   98.   99.  100.  101.  102.  103.
  104.  105.  106.  107.  108.  109.  110.  111.  112.  114.  115.  116.
  118.  119.  120.  121.  122.  123.  124.  125.  126.  130.  131.  133.
  134.  135.  138.  140.  141.  143.  144.  145.  146.  147.  148.  149.
  151.  153.  154.  155.  156.  157.  158.  160.  161.  162.  163.  164.
  165.  166.  167.  168.  169.  171.  173.  175.  176.  178.  179.  180.
  181.  182.  184.  186.  187.  188.  190.  192.  193.  194.  195.  196.
  197.  198.  200.  201.  202.  204.  206.  207.  208.  209.  211.  213.
  214.  215.  216.  217.  218.  219.  220.  221.  222.  223.  224.  225.
  226.  227.  230.  231.  232.  233.  234.  235.  237.  239.  240.  242.
  243.  244.  245.  246.  247.  248.  249.  250.  251.  252.  253.  254.
  255.  256.  258.  260.  262.  263.  264.  266.  267.  269.  270.  271.
  272.  273.  274.  275.  276.  277.  278.  279.  280.  282.  283.  284.
  285.  286.  287.  288.  290.  291.  292.  293.  294.  295.  296.  298.
  300.  301.  302.  305.  306.  307.  308.  309.  311.  312.  313.  314.
  315.  316.  317.  318.  319.  320.  321.  322.  323.  324.  325.  326.
  327.  328.  329.  331.  332.  333.  334.  335.  336.  337.  339.  341.
  342.  343.  344.  345.  346.  347.  348.  349.  350.  351.  353.  354.
  355.  357.  358.  359.  360.  361.  362.  363.  364.  366.  367.  370.
  371.  372.  373.  374.  375.  376.  377.  378.  381.  382.  383.  384.
  385.  386.  387.  389.  390.  391.  392.  393.  394.  395.  396.  397.
  398.  399.  401.  402.  403.  404.  405.  406.  407.  409.  410.  411.
  412.  413.  414.  415.  417.  418.  421.  422.  423.  424.  426.  427.
  428.  429.  430.  433.  434.  435.  436.  437.  438.  439.  440.  441.
  444.  445.  446.  448.  449.  450.  451.  452.  453.  454.  455.  456.
  457.  458.  459.  460.  462.  463.  464.  465.  467.  468.  469.  470.
  471.  472.  473.  475.  477.  478.  480.  483.  484.  485.  486.  487.
  489.  490.  492.  493.  495.  497.  498.  499.  503.  504.  505.  506.
  507.  508.  509.  510.  511.  513.  515.  516.  517.  518.  519.  520.
  521.  522.  523.  524.  525.  526.  527.  528.  529.  530.  531.  533.
  535.  537.  538.  539.  540.  542.  545.  546.  547.  548.  550.  551.
  553.  556.  557.  558.  559.  560.  561.  562.  563.  565.  567.  568.
  569.  571.  572.  573.  574.  575.  577.  578.  580.  582.  583.  584.
  586.  588.  589.  590.  591.  592.  593.  594.  595.  596.  597.  598.
  601.  603.  604.  605.  606.  608.  610.  611.  612.  613.  614.  615.
  616.  617.  618.  619.  621.  622.  623.  624.  625.  626.  627.  628.
  630.  633.  634.  635.  636.  637.  638.  639.  642.  643.  644.  645.
  646.  647.  648.  649.  650.  651.  653.  654.  656.  657.  658.  659.
  660.  662.  663.  664.  665.  666.  668.  669.]
Test data indices: [   6.    9.   12.   20.   26.   28.   30.   36.   37.   54.   55.   70.
   73.   76.   78.   81.   87.   88.   90.   95.  113.  117.  127.  128.
  129.  132.  136.  137.  139.  142.  150.  152.  159.  170.  172.  174.
  177.  183.  185.  189.  191.  199.  203.  205.  210.  212.  228.  229.
  236.  238.  241.  257.  259.  261.  265.  268.  281.  289.  297.  299.
  303.  304.  310.  330.  338.  340.  352.  356.  365.  368.  369.  379.
  380.  388.  400.  408.  416.  419.  420.  425.  431.  432.  442.  443.
  447.  461.  466.  474.  476.  479.  481.  482.  488.  491.  494.  496.
  500.  501.  502.  512.  514.  532.  534.  536.  541.  543.  544.  549.
  552.  554.  555.  564.  566.  570.  576.  579.  581.  585.  587.  599.
  600.  602.  607.  609.  620.  629.  631.  632.  640.  641.  652.  655.
  661.  667.]
Ensemble:
F1: 0.6818181818181818
Precision: 0.6122448979591837
Recall: 0.7692307692307693
Accuracy: 0.7910447761194029
AUC: 0.7846153846153847
MLP:
F1 Score Average: 0.6428571428571429
Precision Average: 0.6
Recall Average: 0.6923076923076923
Accuracy: 0.7761194029850746
ROC: 0.751417004048583
MLP:
F1 Score Average: 0.627906976744186
Precision Average: 0.574468085106383
Recall Average: 0.6923076923076923
Accuracy: 0.7611940298507462
ROC: 0.7408906882591093
MLP:
F1 Score Average: 0.6292134831460674
Precision Average: 0.56
Recall Average: 0.717948717948718
Accuracy: 0.753731343283582
ROC: 0.7431848852901485
MLP:
F1 Score Average: 0.6590909090909091
Precision Average: 0.5918367346938775
Recall Average: 0.7435897435897436
Accuracy: 0.7761194029850746
ROC: 0.766531713900135
MLP:
F1 Score Average: 0.627906976744186
Precision Average: 0.574468085106383
Recall Average: 0.6923076923076923
Accuracy: 0.7611940298507462
ROC: 0.7408906882591093
MLP:
F1 Score Average: 0.5783132530120482
Precision Average: 0.5454545454545454
Recall Average: 0.6153846153846154
Accuracy: 0.7388059701492538
ROC: 0.702429149797571
MLP:
F1 Score Average: 0.6808510638297872
Precision Average: 0.5818181818181818
Recall Average: 0.8205128205128205
Accuracy: 0.7761194029850746
ROC: 0.7892037786774629
MLP:
F1 Score Average: 0.6595744680851063
Precision Average: 0.5636363636363636
Recall Average: 0.7948717948717948
Accuracy: 0.7611940298507462
ROC: 0.7711201079622131
MLP:
F1 Score Average: 0.6956521739130435
Precision Average: 0.6037735849056604
Recall Average: 0.8205128205128205
Accuracy: 0.7910447761194029
ROC: 0.7997300944669365
MLP:
F1 Score Average: 0.6382978723404256
Precision Average: 0.5454545454545454
Recall Average: 0.7692307692307693
Accuracy: 0.746268656716418
ROC: 0.7530364372469636
MLP:
F1 Score Average: 0.6464646464646464
Precision Average: 0.5333333333333333
Recall Average: 0.8205128205128205
Accuracy: 0.7388059701492538
ROC: 0.7628879892037786

Fold: 10
Train data indices: [   0.    1.    3.    4.    5.    6.    7.    8.    9.   10.   11.   12.
   14.   15.   16.   17.   18.   19.   20.   21.   23.   24.   25.   26.
   27.   28.   30.   31.   33.   34.   35.   36.   37.   38.   39.   41.
   44.   45.   46.   47.   48.   50.   51.   52.   54.   55.   56.   57.
   58.   59.   60.   61.   62.   63.   65.   66.   68.   69.   70.   72.
   73.   74.   75.   76.   77.   78.   79.   81.   82.   84.   85.   86.
   87.   88.   90.   92.   93.   94.   95.   96.   98.   99.  101.  102.
  103.  104.  105.  107.  108.  110.  111.  112.  113.  114.  115.  117.
  118.  119.  120.  122.  124.  125.  126.  127.  128.  129.  131.  132.
  133.  134.  135.  136.  137.  139.  140.  141.  142.  144.  145.  146.
  147.  148.  149.  150.  152.  154.  155.  157.  158.  159.  161.  162.
  163.  164.  165.  166.  167.  168.  169.  170.  171.  172.  174.  176.
  177.  179.  180.  182.  183.  184.  185.  188.  189.  190.  191.  192.
  193.  194.  195.  196.  197.  199.  200.  201.  202.  203.  204.  205.
  206.  208.  210.  211.  212.  213.  215.  217.  218.  219.  220.  221.
  222.  223.  224.  225.  227.  228.  229.  230.  231.  232.  233.  234.
  235.  236.  238.  239.  241.  242.  243.  244.  245.  246.  247.  248.
  249.  250.  252.  253.  255.  257.  258.  259.  260.  261.  262.  263.
  265.  267.  268.  270.  271.  273.  274.  275.  276.  277.  278.  279.
  280.  281.  282.  285.  286.  287.  288.  289.  290.  291.  293.  294.
  295.  296.  297.  298.  299.  300.  301.  302.  303.  304.  305.  306.
  307.  308.  309.  310.  311.  312.  314.  315.  316.  317.  318.  319.
  320.  321.  322.  323.  324.  327.  329.  330.  332.  334.  335.  336.
  338.  339.  340.  341.  342.  344.  345.  348.  349.  350.  352.  353.
  355.  356.  357.  358.  359.  361.  363.  364.  365.  366.  367.  368.
  369.  370.  371.  372.  373.  374.  375.  376.  378.  379.  380.  383.
  384.  385.  387.  388.  389.  390.  391.  392.  393.  395.  398.  399.
  400.  402.  404.  405.  406.  407.  408.  409.  410.  411.  412.  413.
  415.  416.  417.  419.  420.  421.  422.  425.  427.  429.  430.  431.
  432.  434.  435.  436.  437.  438.  439.  440.  442.  443.  444.  445.
  446.  447.  448.  450.  451.  452.  454.  455.  457.  458.  459.  460.
  461.  462.  464.  465.  466.  467.  468.  471.  472.  473.  474.  476.
  478.  479.  480.  481.  482.  483.  484.  486.  487.  488.  491.  492.
  493.  494.  496.  497.  499.  500.  501.  502.  503.  504.  505.  506.
  507.  508.  509.  511.  512.  514.  515.  516.  518.  519.  520.  522.
  524.  525.  528.  529.  530.  531.  532.  533.  534.  536.  537.  538.
  539.  541.  543.  544.  545.  547.  548.  549.  550.  551.  552.  554.
  555.  556.  558.  559.  560.  561.  562.  563.  564.  565.  566.  567.
  568.  570.  571.  572.  573.  574.  575.  576.  579.  581.  583.  585.
  586.  587.  588.  591.  592.  595.  596.  597.  598.  599.  600.  601.
  602.  603.  604.  607.  608.  609.  610.  612.  613.  614.  615.  617.
  618.  619.  620.  621.  622.  623.  625.  627.  628.  629.  630.  631.
  632.  633.  634.  635.  636.  637.  638.  640.  641.  642.  644.  645.
  646.  647.  648.  649.  650.  651.  652.  653.  655.  656.  658.  659.
  660.  661.  662.  663.  664.  665.  666.  667.]
Test data indices: [   2.   13.   22.   29.   32.   40.   42.   43.   49.   53.   64.   67.
   71.   80.   83.   89.   91.   97.  100.  106.  109.  116.  121.  123.
  130.  138.  143.  151.  153.  156.  160.  173.  175.  178.  181.  186.
  187.  198.  207.  209.  214.  216.  226.  237.  240.  251.  254.  256.
  264.  266.  269.  272.  283.  284.  292.  313.  325.  326.  328.  331.
  333.  337.  343.  346.  347.  351.  354.  360.  362.  377.  381.  382.
  386.  394.  396.  397.  401.  403.  414.  418.  423.  424.  426.  428.
  433.  441.  449.  453.  456.  463.  469.  470.  475.  477.  485.  489.
  490.  495.  498.  510.  513.  517.  521.  523.  526.  527.  535.  540.
  542.  546.  553.  557.  569.  577.  578.  580.  582.  584.  589.  590.
  593.  594.  605.  606.  611.  616.  624.  626.  639.  643.  654.  657.
  668.  669.]
Ensemble:
F1: 0.7741935483870969
Precision: 0.75
Recall: 0.8
Accuracy: 0.8432835820895522
AUC: 0.8325842696629214
MLP:
F1 Score Average: 0.7789473684210526
Precision Average: 0.74
Recall Average: 0.8222222222222222
Accuracy: 0.8432835820895522
ROC: 0.8380774032459425
MLP:
F1 Score Average: 0.7234042553191489
Precision Average: 0.6938775510204082
Recall Average: 0.7555555555555555
Accuracy: 0.8059701492537313
ROC: 0.7935081148564296
MLP:
F1 Score Average: 0.7045454545454545
Precision Average: 0.7209302325581395
Recall Average: 0.6888888888888889
Accuracy: 0.8059701492537313
ROC: 0.7770287141073658
MLP:
F1 Score Average: 0.7058823529411765
Precision Average: 0.75
Recall Average: 0.6666666666666666
Accuracy: 0.8134328358208955
ROC: 0.7771535580524344
MLP:
F1 Score Average: 0.7126436781609196
Precision Average: 0.7380952380952381
Recall Average: 0.6888888888888889
Accuracy: 0.8134328358208955
ROC: 0.7826466916354556
MLP:
F1 Score Average: 0.7472527472527473
Precision Average: 0.7391304347826086
Recall Average: 0.7555555555555555
Accuracy: 0.8283582089552238
ROC: 0.8103620474406991
MLP:
F1 Score Average: 0.7378640776699029
Precision Average: 0.6551724137931034
Recall Average: 0.8444444444444444
Accuracy: 0.7985074626865671
ROC: 0.8098626716604246
MLP:
F1 Score Average: 0.7676767676767675
Precision Average: 0.7037037037037037
Recall Average: 0.8444444444444444
Accuracy: 0.8283582089552238
ROC: 0.8323345817727841
MLP:
F1 Score Average: 0.7872340425531914
Precision Average: 0.7551020408163265
Recall Average: 0.8222222222222222
Accuracy: 0.8507462686567164
ROC: 0.8436953807740324
MLP:
F1 Score Average: 0.7526881720430106
Precision Average: 0.7291666666666666
Recall Average: 0.7777777777777778
Accuracy: 0.8283582089552238
ROC: 0.8158551810237203
MLP:
F1 Score Average: 0.7608695652173914
Precision Average: 0.7446808510638298
Recall Average: 0.7777777777777778
Accuracy: 0.835820895522388
ROC: 0.8214731585518102

Fold: 10
Train data indices: [   0.    2.    6.    7.    8.    9.   10.   11.   12.   13.   14.   16.
   18.   19.   20.   21.   22.   23.   26.   27.   28.   29.   30.   31.
   32.   33.   34.   36.   37.   38.   39.   40.   41.   42.   43.   44.
   45.   46.   49.   50.   51.   52.   53.   54.   55.   56.   57.   58.
   59.   61.   62.   63.   64.   65.   66.   67.   68.   69.   70.   71.
   72.   73.   74.   75.   76.   77.   78.   80.   81.   82.   83.   84.
   85.   87.   88.   89.   90.   91.   92.   93.   95.   96.   97.   98.
   99.  100.  101.  103.  106.  107.  108.  109.  110.  111.  112.  113.
  115.  116.  117.  118.  121.  122.  123.  125.  127.  128.  129.  130.
  132.  134.  136.  137.  138.  139.  141.  142.  143.  144.  147.  150.
  151.  152.  153.  155.  156.  158.  159.  160.  162.  163.  166.  167.
  168.  170.  171.  172.  173.  174.  175.  176.  177.  178.  179.  181.
  182.  183.  184.  185.  186.  187.  189.  191.  194.  195.  197.  198.
  199.  201.  202.  203.  204.  205.  206.  207.  209.  210.  211.  212.
  214.  215.  216.  217.  218.  219.  221.  222.  223.  226.  228.  229.
  230.  232.  233.  234.  236.  237.  238.  240.  241.  242.  243.  244.
  246.  247.  248.  250.  251.  252.  253.  254.  255.  256.  257.  259.
  261.  262.  263.  264.  265.  266.  268.  269.  270.  271.  272.  273.
  274.  276.  277.  278.  279.  280.  281.  282.  283.  284.  285.  287.
  288.  289.  292.  293.  295.  297.  299.  301.  302.  303.  304.  305.
  306.  307.  308.  310.  311.  313.  315.  317.  318.  320.  321.  322.
  324.  325.  326.  327.  328.  330.  331.  333.  335.  336.  337.  338.
  339.  340.  343.  344.  345.  346.  347.  348.  351.  352.  354.  355.
  356.  358.  359.  360.  361.  362.  363.  364.  365.  366.  367.  368.
  369.  370.  371.  373.  374.  375.  376.  377.  378.  379.  380.  381.
  382.  383.  385.  386.  387.  388.  389.  390.  391.  392.  394.  395.
  396.  397.  399.  400.  401.  402.  403.  404.  407.  408.  410.  411.
  412.  413.  414.  416.  417.  418.  419.  420.  421.  423.  424.  425.
  426.  427.  428.  429.  430.  431.  432.  433.  434.  435.  436.  437.
  438.  439.  440.  441.  442.  443.  444.  446.  447.  448.  449.  450.
  451.  452.  453.  455.  456.  457.  459.  461.  462.  463.  464.  466.
  467.  468.  469.  470.  472.  474.  475.  476.  477.  478.  479.  481.
  482.  485.  488.  489.  490.  491.  492.  493.  494.  495.  496.  497.
  498.  499.  500.  501.  502.  506.  507.  508.  509.  510.  512.  513.
  514.  515.  516.  517.  519.  520.  521.  523.  524.  526.  527.  528.
  530.  531.  532.  533.  534.  535.  536.  537.  538.  540.  541.  542.
  543.  544.  545.  546.  547.  548.  549.  552.  553.  554.  555.  556.
  557.  558.  561.  562.  564.  565.  566.  567.  568.  569.  570.  571.
  572.  574.  576.  577.  578.  579.  580.  581.  582.  583.  584.  585.
  586.  587.  588.  589.  590.  591.  592.  593.  594.  595.  596.  597.
  598.  599.  600.  602.  604.  605.  606.  607.  609.  610.  611.  612.
  613.  614.  615.  616.  617.  618.  620.  621.  622.  623.  624.  626.
  627.  628.  629.  630.  631.  632.  634.  637.  638.  639.  640.  641.
  642.  643.  644.  646.  647.  648.  649.  650.  652.  653.  654.  655.
  657.  658.  661.  663.  665.  667.  668.  669.]
Test data indices: [   1.    3.    4.    5.   15.   17.   24.   25.   35.   47.   48.   60.
   79.   86.   94.  102.  104.  105.  114.  119.  120.  124.  126.  131.
  133.  135.  140.  145.  146.  148.  149.  154.  157.  161.  164.  165.
  169.  180.  188.  190.  192.  193.  196.  200.  208.  213.  220.  224.
  225.  227.  231.  235.  239.  245.  249.  258.  260.  267.  275.  286.
  290.  291.  294.  296.  298.  300.  309.  312.  314.  316.  319.  323.
  329.  332.  334.  341.  342.  349.  350.  353.  357.  372.  384.  393.
  398.  405.  406.  409.  415.  422.  445.  454.  458.  460.  465.  471.
  473.  480.  483.  484.  486.  487.  503.  504.  505.  511.  518.  522.
  525.  529.  539.  550.  551.  559.  560.  563.  573.  575.  601.  603.
  608.  619.  625.  633.  635.  636.  645.  651.  656.  659.  660.  662.
  664.  666.]
Ensemble:
F1: 0.7378640776699029
Precision: 0.6666666666666666
Recall: 0.8260869565217391
Accuracy: 0.7985074626865671
AUC: 0.8050889328063241
MLP:
F1 Score Average: 0.7272727272727273
Precision Average: 0.6792452830188679
Recall Average: 0.782608695652174
Accuracy: 0.7985074626865671
ROC: 0.794713438735178
MLP:
F1 Score Average: 0.7157894736842103
Precision Average: 0.6938775510204082
Recall Average: 0.7391304347826086
Accuracy: 0.7985074626865671
ROC: 0.7843379446640317
MLP:
F1 Score Average: 0.6415094339622641
Precision Average: 0.5666666666666667
Recall Average: 0.7391304347826086
Accuracy: 0.7164179104477612
ROC: 0.7218379446640316
MLP:
F1 Score Average: 0.68
Precision Average: 0.6296296296296297
Recall Average: 0.7391304347826086
Accuracy: 0.7611940298507462
ROC: 0.7559288537549407
MLP:
F1 Score Average: 0.672566371681416
Precision Average: 0.5671641791044776
Recall Average: 0.8260869565217391
Accuracy: 0.7238805970149254
ROC: 0.7482707509881422
MLP:
F1 Score Average: 0.7368421052631582
Precision Average: 0.7142857142857144
Recall Average: 0.7608695652173914
Accuracy: 0.8134328358208955
ROC: 0.8008893280632412
MLP:
F1 Score Average: 0.735632183908046
Precision Average: 0.7804878048780488
Recall Average: 0.6956521739130435
Accuracy: 0.8283582089552238
ROC: 0.7966897233201581
MLP:
F1 Score Average: 0.7572815533980581
Precision Average: 0.6842105263157895
Recall Average: 0.8478260869565217
Accuracy: 0.8134328358208955
ROC: 0.8216403162055336
MLP:
F1 Score Average: 0.6788990825688073
Precision Average: 0.5873015873015873
Recall Average: 0.8043478260869565
Accuracy: 0.7388059701492538
ROC: 0.7544466403162056
MLP:
F1 Score Average: 0.7027027027027026
Precision Average: 0.6
Recall Average: 0.8478260869565217
Accuracy: 0.753731343283582
ROC: 0.7761857707509882
MLP:
F1 Score Average: 0.6724137931034483
Precision Average: 0.5571428571428572
Recall Average: 0.8478260869565217
Accuracy: 0.7164179104477612
ROC: 0.7477766798418972

Fold: 10
Train data indices: [   1.    2.    3.    4.    5.    6.    7.    8.    9.   11.   12.   13.
   15.   17.   18.   20.   22.   24.   25.   26.   27.   28.   29.   30.
   32.   35.   36.   37.   39.   40.   42.   43.   47.   48.   49.   50.
   51.   52.   53.   54.   55.   60.   62.   63.   64.   67.   69.   70.
   71.   73.   75.   76.   78.   79.   80.   81.   83.   85.   86.   87.
   88.   89.   90.   91.   94.   95.   96.   97.  100.  101.  102.  104.
  105.  106.  107.  109.  110.  112.  113.  114.  115.  116.  117.  118.
  119.  120.  121.  123.  124.  126.  127.  128.  129.  130.  131.  132.
  133.  134.  135.  136.  137.  138.  139.  140.  141.  142.  143.  144.
  145.  146.  148.  149.  150.  151.  152.  153.  154.  156.  157.  159.
  160.  161.  164.  165.  167.  168.  169.  170.  171.  172.  173.  174.
  175.  177.  178.  179.  180.  181.  182.  183.  185.  186.  187.  188.
  189.  190.  191.  192.  193.  194.  196.  198.  199.  200.  201.  202.
  203.  204.  205.  206.  207.  208.  209.  210.  211.  212.  213.  214.
  216.  217.  218.  219.  220.  221.  222.  224.  225.  226.  227.  228.
  229.  230.  231.  232.  235.  236.  237.  238.  239.  240.  241.  242.
  243.  244.  245.  247.  248.  249.  250.  251.  253.  254.  255.  256.
  257.  258.  259.  260.  261.  263.  264.  265.  266.  267.  268.  269.
  270.  272.  275.  277.  278.  281.  283.  284.  285.  286.  288.  289.
  290.  291.  292.  293.  294.  296.  297.  298.  299.  300.  301.  303.
  304.  305.  309.  310.  312.  313.  314.  315.  316.  319.  320.  321.
  323.  325.  326.  328.  329.  330.  331.  332.  333.  334.  337.  338.
  340.  341.  342.  343.  344.  346.  347.  349.  350.  351.  352.  353.
  354.  355.  356.  357.  359.  360.  361.  362.  365.  368.  369.  372.
  373.  375.  377.  379.  380.  381.  382.  383.  384.  385.  386.  387.
  388.  389.  392.  393.  394.  395.  396.  397.  398.  399.  400.  401.
  402.  403.  405.  406.  407.  408.  409.  410.  411.  413.  414.  415.
  416.  417.  418.  419.  420.  421.  422.  423.  424.  425.  426.  427.
  428.  429.  430.  431.  432.  433.  434.  435.  436.  437.  438.  441.
  442.  443.  444.  445.  446.  447.  449.  453.  454.  456.  458.  460.
  461.  463.  465.  466.  467.  469.  470.  471.  472.  473.  474.  475.
  476.  477.  479.  480.  481.  482.  483.  484.  485.  486.  487.  488.
  489.  490.  491.  493.  494.  495.  496.  498.  500.  501.  502.  503.
  504.  505.  507.  508.  510.  511.  512.  513.  514.  515.  516.  517.
  518.  521.  522.  523.  524.  525.  526.  527.  528.  529.  530.  532.
  533.  534.  535.  536.  537.  538.  539.  540.  541.  542.  543.  544.
  546.  548.  549.  550.  551.  552.  553.  554.  555.  556.  557.  559.
  560.  561.  563.  564.  566.  567.  568.  569.  570.  572.  573.  575.
  576.  577.  578.  579.  580.  581.  582.  583.  584.  585.  586.  587.
  588.  589.  590.  591.  593.  594.  595.  596.  597.  598.  599.  600.
  601.  602.  603.  604.  605.  606.  607.  608.  609.  610.  611.  613.
  616.  617.  619.  620.  622.  623.  624.  625.  626.  627.  628.  629.
  630.  631.  632.  633.  634.  635.  636.  639.  640.  641.  643.  645.
  647.  649.  650.  651.  652.  653.  654.  655.  656.  657.  659.  660.
  661.  662.  664.  665.  666.  667.  668.  669.]
Test data indices: [   0.   10.   14.   16.   19.   21.   23.   31.   33.   34.   38.   41.
   44.   45.   46.   56.   57.   58.   59.   61.   65.   66.   68.   72.
   74.   77.   82.   84.   92.   93.   98.   99.  103.  108.  111.  122.
  125.  147.  155.  158.  162.  163.  166.  176.  184.  195.  197.  215.
  223.  233.  234.  246.  252.  262.  271.  273.  274.  276.  279.  280.
  282.  287.  295.  302.  306.  307.  308.  311.  317.  318.  322.  324.
  327.  335.  336.  339.  345.  348.  358.  363.  364.  366.  367.  370.
  371.  374.  376.  378.  390.  391.  404.  412.  439.  440.  448.  450.
  451.  452.  455.  457.  459.  462.  464.  468.  478.  492.  497.  499.
  506.  509.  519.  520.  531.  545.  547.  558.  562.  565.  571.  574.
  592.  612.  614.  615.  618.  621.  637.  638.  642.  644.  646.  648.
  658.  663.]
Ensemble:
F1: 0.7428571428571428
Precision: 0.7090909090909091
Recall: 0.78
Accuracy: 0.7985074626865671
AUC: 0.7947619047619048
MLP:
F1 Score Average: 0.7058823529411765
Precision Average: 0.6923076923076923
Recall Average: 0.72
Accuracy: 0.7761194029850746
ROC: 0.7647619047619048
MLP:
F1 Score Average: 0.7636363636363636
Precision Average: 0.7
Recall Average: 0.84
Accuracy: 0.8059701492537313
ROC: 0.8128571428571427
MLP:
F1 Score Average: 0.7222222222222223
Precision Average: 0.6724137931034483
Recall Average: 0.78
Accuracy: 0.7761194029850746
ROC: 0.7769047619047619
MLP:
F1 Score Average: 0.7450980392156863
Precision Average: 0.7307692307692306
Recall Average: 0.76
Accuracy: 0.8059701492537313
ROC: 0.7966666666666667
MLP:
F1 Score Average: 0.7407407407407408
Precision Average: 0.6896551724137931
Recall Average: 0.8
Accuracy: 0.7910447761194029
ROC: 0.7928571428571429
MLP:
F1 Score Average: 0.7222222222222223
Precision Average: 0.6724137931034483
Recall Average: 0.78
Accuracy: 0.7761194029850746
ROC: 0.7769047619047619
MLP:
F1 Score Average: 0.7222222222222223
Precision Average: 0.6724137931034483
Recall Average: 0.78
Accuracy: 0.7761194029850746
ROC: 0.7769047619047619
MLP:
F1 Score Average: 0.7524752475247525
Precision Average: 0.7450980392156863
Recall Average: 0.76
Accuracy: 0.8134328358208955
ROC: 0.8026190476190476
MLP:
F1 Score Average: 0.7428571428571428
Precision Average: 0.7090909090909091
Recall Average: 0.78
Accuracy: 0.7985074626865671
ROC: 0.7947619047619048
MLP:
F1 Score Average: 0.7391304347826089
Precision Average: 0.8095238095238095
Recall Average: 0.68
Accuracy: 0.8208955223880597
ROC: 0.7923809523809525
MLP:
F1 Score Average: 0.7663551401869158
Precision Average: 0.7192982456140351
Recall Average: 0.82
Accuracy: 0.8134328358208955
ROC: 0.8147619047619047

