Fold: 10
Train data indices: [   0.    2.    4.    5.    6.    8.    9.   10.   12.   13.   14.   15.
   17.   18.   20.   21.   22.   23.   25.   26.   27.   28.   29.   31.
   32.   33.   34.   35.   37.   38.   39.   40.   41.   42.   43.   45.
   48.   49.   52.   53.   54.   55.   56.   57.   58.   59.   60.   61.
   62.   63.   64.   65.   70.   71.   72.   73.   74.   75.   76.   78.
   79.   80.   81.   82.   84.   85.   86.   87.   88.   89.   90.   91.
   92.   93.   94.   95.   97.   98.   99.  100.  101.  102.  103.  104.
  105.  106.  108.  109.  110.  111.  112.  113.  114.  115.  116.  117.
  118.  119.  121.  123.  125.  127.  128.  131.  132.  133.  134.  136.
  137.  138.  140.  141.  142.  143.  144.  145.  146.  147.  148.  149.
  151.  152.  153.  154.  155.  156.  157.  158.  159.  160.  161.  162.
  163.  165.  166.  167.  168.  169.  170.  172.  176.  177.  178.  179.
  180.  181.  182.  183.  184.  185.  186.  187.  188.  189.  190.  191.
  192.  193.  194.  196.  197.  199.  200.  201.  202.  203.  204.  205.
  206.  207.  208.  209.  210.  211.  212.  213.  214.  215.  216.  217.
  218.  219.  220.  222.  223.  224.  225.  226.  227.  228.  229.  231.
  233.  234.  235.  237.  238.  239.  241.  242.  244.  245.  246.  247.
  248.  249.  250.  251.  252.  253.  254.  255.  256.  257.  258.  259.
  260.  261.  263.  264.  265.  267.  268.  269.  270.  271.  274.  275.
  276.  278.  279.  280.  281.  282.  284.  287.  288.  289.  290.  291.
  292.  293.  294.  295.  296.  297.  298.  301.  302.  303.  304.  306.
  307.  308.  309.  310.  311.  312.  314.  316.  317.  319.  320.  321.
  322.  323.  325.  326.  328.  330.  332.  333.  334.  335.  336.  337.
  339.  340.  341.  342.  343.  344.  345.  346.  347.  350.  351.  352.
  353.  356.  362.  363.  364.  365.  366.  368.  370.  371.  372.  373.
  375.  376.  377.  379.  380.  381.  382.  383.  384.  386.  388.  390.
  391.]
Test data indices: [   1.    3.    7.   11.   16.   19.   24.   30.   36.   44.   46.   47.
   50.   51.   66.   67.   68.   69.   77.   83.   96.  107.  120.  122.
  124.  126.  129.  130.  135.  139.  150.  164.  171.  173.  174.  175.
  195.  198.  221.  230.  232.  236.  240.  243.  262.  266.  272.  273.
  277.  283.  285.  286.  299.  300.  305.  313.  315.  318.  324.  327.
  329.  331.  338.  348.  349.  354.  355.  357.  358.  359.  360.  361.
  367.  369.  374.  378.  385.  387.  389.]
Ensemble:
F1: 0.6818181818181819
Precision: 0.5555555555555556
Recall: 0.8823529411764706
Accuracy: 0.8227848101265823
AUC: 0.844402277039848
SVM:
F1 Score Average: 0.7
Precision Average: 0.6086956521739131
Recall Average: 0.8235294117647058
Error: 0.8481012658227848
ROC: 0.8391840607210627
SVM:
F1 Score Average: 0.7111111111111111
Precision Average: 0.5714285714285714
Recall Average: 0.9411764705882353
Error: 0.8354430379746836
ROC: 0.8738140417457305
SVM:
F1 Score Average: 0.7111111111111111
Precision Average: 0.5714285714285714
Recall Average: 0.9411764705882353
Error: 0.8354430379746836
ROC: 0.8738140417457305
SVM:
F1 Score Average: 0.6829268292682927
Precision Average: 0.5833333333333334
Recall Average: 0.8235294117647058
Error: 0.8354430379746836
ROC: 0.8311195445920304
SVM:
F1 Score Average: 0.6382978723404256
Precision Average: 0.5
Recall Average: 0.8823529411764706
Error: 0.7848101265822784
ROC: 0.8202087286527514
SVM:
F1 Score Average: 0.6
Precision Average: 0.45454545454545453
Recall Average: 0.8823529411764706
Error: 0.7468354430379747
ROC: 0.7960151802656547
SVM:
F1 Score Average: 0.6046511627906976
Precision Average: 0.5
Recall Average: 0.7647058823529411
Error: 0.7848101265822784
ROC: 0.7775142314990512
SVM:
F1 Score Average: 0.6818181818181819
Precision Average: 0.5555555555555556
Recall Average: 0.8823529411764706
Error: 0.8227848101265823
ROC: 0.844402277039848
SVM:
F1 Score Average: 0.6521739130434783
Precision Average: 0.5172413793103449
Recall Average: 0.8823529411764706
Error: 0.7974683544303798
ROC: 0.8282732447817837
SVM:
F1 Score Average: 0.65
Precision Average: 0.5652173913043478
Recall Average: 0.7647058823529411
Error: 0.8227848101265823
ROC: 0.8017077798861479
SVM:
F1 Score Average: 0.6222222222222222
Precision Average: 0.5
Recall Average: 0.8235294117647058
Error: 0.7848101265822784
ROC: 0.7988614800759013

Fold: 10
Train data indices: [   0.    1.    2.    3.    5.    6.    7.    9.   10.   11.   13.   14.
   15.   16.   17.   19.   20.   21.   22.   24.   25.   29.   30.   32.
   33.   34.   35.   36.   39.   40.   42.   44.   45.   46.   47.   49.
   50.   51.   52.   53.   54.   55.   56.   57.   58.   59.   61.   62.
   63.   64.   65.   66.   67.   68.   69.   70.   71.   73.   75.   76.
   77.   78.   79.   80.   81.   83.   86.   87.   88.   89.   91.   94.
   95.   96.   97.   98.   99.  101.  102.  103.  104.  105.  106.  107.
  108.  109.  111.  112.  113.  116.  118.  119.  120.  121.  122.  123.
  124.  125.  126.  127.  129.  130.  131.  132.  133.  135.  136.  137.
  138.  139.  140.  142.  143.  145.  148.  149.  150.  151.  152.  153.
  154.  155.  157.  158.  159.  160.  161.  162.  164.  165.  167.  168.
  169.  170.  171.  173.  174.  175.  176.  178.  179.  180.  181.  182.
  183.  185.  186.  187.  188.  190.  191.  193.  194.  195.  196.  197.
  198.  199.  201.  202.  203.  204.  205.  207.  209.  210.  211.  214.
  215.  216.  219.  220.  221.  222.  223.  225.  226.  227.  228.  229.
  230.  231.  232.  233.  235.  236.  239.  240.  243.  245.  246.  247.
  249.  250.  252.  256.  257.  258.  259.  260.  261.  262.  264.  265.
  266.  267.  268.  269.  270.  271.  272.  273.  275.  276.  277.  279.
  280.  281.  282.  283.  285.  286.  287.  288.  291.  292.  293.  294.
  295.  296.  297.  298.  299.  300.  301.  302.  303.  304.  305.  307.
  309.  310.  311.  312.  313.  314.  315.  316.  317.  318.  319.  320.
  321.  322.  323.  324.  325.  326.  327.  328.  329.  330.  331.  333.
  334.  335.  336.  337.  338.  339.  342.  343.  344.  345.  346.  347.
  348.  349.  350.  352.  353.  354.  355.  356.  357.  358.  359.  360.
  361.  363.  364.  365.  367.  368.  369.  370.  371.  374.  375.  376.
  377.  378.  379.  380.  381.  382.  384.  385.  386.  387.  388.  389.
  390.]
Test data indices: [   4.    8.   12.   18.   23.   26.   27.   28.   31.   37.   38.   41.
   43.   48.   60.   72.   74.   82.   84.   85.   90.   92.   93.  100.
  110.  114.  115.  117.  128.  134.  141.  144.  146.  147.  156.  163.
  166.  172.  177.  184.  189.  192.  200.  206.  208.  212.  213.  217.
  218.  224.  234.  237.  238.  241.  242.  244.  248.  251.  253.  254.
  255.  263.  274.  278.  284.  289.  290.  306.  308.  332.  340.  341.
  351.  362.  366.  372.  373.  383.  391.]
Ensemble:
F1: 0.5853658536585366
Precision: 0.41379310344827586
Recall: 1.0
Accuracy: 0.7848101265822784
AUC: 0.8731343283582089
SVM:
F1 Score Average: 0.6206896551724139
Precision Average: 0.5294117647058824
Recall Average: 0.75
Error: 0.8607594936708861
ROC: 0.8152985074626866
SVM:
F1 Score Average: 0.5116279069767442
Precision Average: 0.3548387096774193
Recall Average: 0.9166666666666666
Error: 0.7341772151898734
ROC: 0.8090796019900497
SVM:
F1 Score Average: 0.5581395348837209
Precision Average: 0.3870967741935483
Recall Average: 1.0
Error: 0.759493670886076
ROC: 0.8582089552238806
SVM:
F1 Score Average: 0.5641025641025641
Precision Average: 0.4074074074074074
Recall Average: 0.9166666666666666
Error: 0.7848101265822784
ROC: 0.8389303482587064
SVM:
F1 Score Average: 0.5333333333333333
Precision Average: 0.3636363636363636
Recall Average: 1.0
Error: 0.7341772151898734
ROC: 0.8432835820895522
SVM:
F1 Score Average: 0.5454545454545454
Precision Average: 0.375
Recall Average: 1.0
Error: 0.7468354430379747
ROC: 0.8507462686567164
SVM:
F1 Score Average: 0.4651162790697674
Precision Average: 0.3225806451612903
Recall Average: 0.8333333333333334
Error: 0.7088607594936709
ROC: 0.759950248756219
SVM:
F1 Score Average: 0.55
Precision Average: 0.39285714285714285
Recall Average: 0.9166666666666666
Error: 0.7721518987341772
ROC: 0.8314676616915422
SVM:
F1 Score Average: 0.47826086956521746
Precision Average: 0.3235294117647059
Recall Average: 0.9166666666666666
Error: 0.6962025316455697
ROC: 0.7866915422885572
SVM:
F1 Score Average: 0.5
Precision Average: 0.4000000000000001
Recall Average: 0.6666666666666666
Error: 0.7974683544303798
ROC: 0.7437810945273631
SVM:
F1 Score Average: 0.5853658536585366
Precision Average: 0.41379310344827586
Recall Average: 1.0
Error: 0.7848101265822784
ROC: 0.8731343283582089

Fold: 10
Train data indices: [   0.    1.    3.    4.    5.    6.    7.    8.   10.   11.   12.   15.
   16.   18.   19.   20.   21.   22.   23.   24.   26.   27.   28.   29.
   30.   31.   33.   35.   36.   37.   38.   39.   40.   41.   42.   43.
   44.   45.   46.   47.   48.   49.   50.   51.   53.   56.   57.   58.
   60.   61.   64.   66.   67.   68.   69.   70.   71.   72.   74.   75.
   76.   77.   78.   79.   80.   82.   83.   84.   85.   88.   89.   90.
   91.   92.   93.   94.   96.   97.   99.  100.  101.  102.  103.  104.
  105.  106.  107.  108.  109.  110.  111.  113.  114.  115.  116.  117.
  118.  119.  120.  121.  122.  124.  126.  128.  129.  130.  132.  133.
  134.  135.  136.  138.  139.  140.  141.  142.  143.  144.  146.  147.
  148.  149.  150.  151.  152.  153.  156.  157.  159.  160.  162.  163.
  164.  165.  166.  167.  168.  170.  171.  172.  173.  174.  175.  176.
  177.  178.  183.  184.  185.  186.  189.  190.  191.  192.  193.  194.
  195.  196.  198.  199.  200.  203.  204.  206.  207.  208.  210.  211.
  212.  213.  214.  215.  216.  217.  218.  220.  221.  222.  223.  224.
  225.  226.  227.  228.  229.  230.  231.  232.  233.  234.  235.  236.
  237.  238.  239.  240.  241.  242.  243.  244.  245.  248.  249.  250.
  251.  252.  253.  254.  255.  256.  261.  262.  263.  264.  265.  266.
  267.  269.  270.  271.  272.  273.  274.  276.  277.  278.  279.  280.
  281.  282.  283.  284.  285.  286.  287.  289.  290.  292.  294.  295.
  296.  298.  299.  300.  303.  305.  306.  308.  309.  310.  312.  313.
  315.  316.  317.  318.  319.  320.  321.  322.  323.  324.  325.  326.
  327.  329.  330.  331.  332.  334.  335.  336.  338.  339.  340.  341.
  342.  344.  345.  347.  348.  349.  351.  352.  354.  355.  356.  357.
  358.  359.  360.  361.  362.  364.  365.  366.  367.  369.  370.  372.
  373.  374.  375.  376.  378.  380.  383.  384.  385.  386.  387.  388.
  389.  391.]
Test data indices: [   2.    9.   13.   14.   17.   25.   32.   34.   52.   54.   55.   59.
   62.   63.   65.   73.   81.   86.   87.   95.   98.  112.  123.  125.
  127.  131.  137.  145.  154.  155.  158.  161.  169.  179.  180.  181.
  182.  187.  188.  197.  201.  202.  205.  209.  219.  246.  247.  257.
  258.  259.  260.  268.  275.  288.  291.  293.  297.  301.  302.  304.
  307.  311.  314.  328.  333.  337.  343.  346.  350.  353.  363.  368.
  371.  377.  379.  381.  382.  390.]
Ensemble:
F1: 0.7906976744186046
Precision: 0.8095238095238095
Recall: 0.7727272727272727
Accuracy: 0.8846153846153846
AUC: 0.8506493506493507
SVM:
F1 Score Average: 0.883720930232558
Precision Average: 0.9047619047619048
Recall Average: 0.8636363636363636
Error: 0.9358974358974359
ROC: 0.9139610389610391
SVM:
F1 Score Average: 0.8292682926829269
Precision Average: 0.8947368421052633
Recall Average: 0.7727272727272727
Error: 0.9102564102564102
ROC: 0.8685064935064936
SVM:
F1 Score Average: 0.7906976744186046
Precision Average: 0.8095238095238095
Recall Average: 0.7727272727272727
Error: 0.8846153846153846
ROC: 0.8506493506493507
SVM:
F1 Score Average: 0.7272727272727273
Precision Average: 0.7272727272727273
Recall Average: 0.7272727272727273
Error: 0.8461538461538461
ROC: 0.8100649350649352
SVM:
F1 Score Average: 0.8181818181818182
Precision Average: 0.8181818181818182
Recall Average: 0.8181818181818182
Error: 0.8974358974358975
ROC: 0.8733766233766235
SVM:
F1 Score Average: 0.7441860465116279
Precision Average: 0.7619047619047618
Recall Average: 0.7272727272727273
Error: 0.8589743589743589
ROC: 0.8189935064935064
SVM:
F1 Score Average: 0.8181818181818182
Precision Average: 0.8181818181818182
Recall Average: 0.8181818181818182
Error: 0.8974358974358975
ROC: 0.8733766233766235
SVM:
F1 Score Average: 0.7804878048780488
Precision Average: 0.8421052631578948
Recall Average: 0.7272727272727273
Error: 0.8846153846153846
ROC: 0.8368506493506492
SVM:
F1 Score Average: 0.8
Precision Average: 0.782608695652174
Recall Average: 0.8181818181818182
Error: 0.8846153846153846
ROC: 0.864448051948052
SVM:
F1 Score Average: 0.7368421052631579
Precision Average: 0.875
Recall Average: 0.6363636363636364
Error: 0.8717948717948718
ROC: 0.8003246753246752
SVM:
F1 Score Average: 0.7272727272727273
Precision Average: 0.7272727272727273
Recall Average: 0.7272727272727273
Error: 0.8461538461538461
ROC: 0.8100649350649352

Fold: 10
Train data indices: [   1.    2.    3.    4.    7.    8.    9.   11.   12.   13.   14.   16.
   17.   18.   19.   23.   24.   25.   26.   27.   28.   30.   31.   32.
   34.   36.   37.   38.   41.   43.   44.   46.   47.   48.   49.   50.
   51.   52.   53.   54.   55.   59.   60.   62.   63.   65.   66.   67.
   68.   69.   72.   73.   74.   75.   76.   77.   81.   82.   83.   84.
   85.   86.   87.   89.   90.   91.   92.   93.   94.   95.   96.   98.
  100.  102.  103.  104.  107.  110.  111.  112.  114.  115.  117.  118.
  119.  120.  121.  122.  123.  124.  125.  126.  127.  128.  129.  130.
  131.  133.  134.  135.  136.  137.  138.  139.  141.  143.  144.  145.
  146.  147.  148.  150.  151.  152.  154.  155.  156.  157.  158.  161.
  162.  163.  164.  165.  166.  168.  169.  170.  171.  172.  173.  174.
  175.  177.  179.  180.  181.  182.  184.  185.  186.  187.  188.  189.
  191.  192.  193.  194.  195.  196.  197.  198.  199.  200.  201.  202.
  203.  204.  205.  206.  207.  208.  209.  212.  213.  214.  215.  217.
  218.  219.  220.  221.  222.  223.  224.  225.  226.  227.  229.  230.
  232.  233.  234.  235.  236.  237.  238.  240.  241.  242.  243.  244.
  245.  246.  247.  248.  250.  251.  253.  254.  255.  256.  257.  258.
  259.  260.  262.  263.  265.  266.  267.  268.  271.  272.  273.  274.
  275.  276.  277.  278.  280.  282.  283.  284.  285.  286.  287.  288.
  289.  290.  291.  293.  294.  295.  296.  297.  299.  300.  301.  302.
  304.  305.  306.  307.  308.  309.  310.  311.  313.  314.  315.  316.
  317.  318.  321.  322.  323.  324.  326.  327.  328.  329.  331.  332.
  333.  334.  335.  336.  337.  338.  340.  341.  343.  345.  346.  348.
  349.  350.  351.  352.  353.  354.  355.  356.  357.  358.  359.  360.
  361.  362.  363.  364.  366.  367.  368.  369.  371.  372.  373.  374.
  376.  377.  378.  379.  381.  382.  383.  384.  385.  387.  388.  389.
  390.  391.]
Test data indices: [   0.    5.    6.   10.   15.   20.   21.   22.   29.   33.   35.   39.
   40.   42.   45.   56.   57.   58.   61.   64.   70.   71.   78.   79.
   80.   88.   97.   99.  101.  105.  106.  108.  109.  113.  116.  132.
  140.  142.  149.  153.  159.  160.  167.  176.  178.  183.  190.  210.
  211.  216.  228.  231.  239.  249.  252.  261.  264.  269.  270.  279.
  281.  292.  298.  303.  312.  319.  320.  325.  330.  339.  342.  344.
  347.  365.  370.  375.  380.  386.]
Ensemble:
F1: 0.7272727272727273
Precision: 0.6060606060606061
Recall: 0.9090909090909091
Accuracy: 0.8076923076923077
AUC: 0.838474025974026
SVM:
F1 Score Average: 0.679245283018868
Precision Average: 0.5806451612903226
Recall Average: 0.8181818181818182
Error: 0.782051282051282
ROC: 0.7930194805194806
SVM:
F1 Score Average: 0.6896551724137931
Precision Average: 0.5555555555555556
Recall Average: 0.9090909090909091
Error: 0.7692307692307693
ROC: 0.8116883116883118
SVM:
F1 Score Average: 0.6923076923076923
Precision Average: 0.6
Recall Average: 0.8181818181818182
Error: 0.7948717948717948
ROC: 0.801948051948052
SVM:
F1 Score Average: 0.7450980392156864
Precision Average: 0.6551724137931034
Recall Average: 0.8636363636363636
Error: 0.8333333333333334
ROC: 0.8425324675324676
SVM:
F1 Score Average: 0.7017543859649122
Precision Average: 0.5714285714285714
Recall Average: 0.9090909090909091
Error: 0.782051282051282
ROC: 0.8206168831168832
SVM:
F1 Score Average: 0.7272727272727273
Precision Average: 0.6060606060606061
Recall Average: 0.9090909090909091
Error: 0.8076923076923077
ROC: 0.838474025974026
SVM:
F1 Score Average: 0.64
Precision Average: 0.5714285714285714
Recall Average: 0.7272727272727273
Error: 0.7692307692307693
ROC: 0.7564935064935066
SVM:
F1 Score Average: 0.6153846153846153
Precision Average: 0.5333333333333333
Recall Average: 0.7272727272727273
Error: 0.7435897435897436
ROC: 0.7386363636363636
SVM:
F1 Score Average: 0.6666666666666666
Precision Average: 0.5428571428571428
Recall Average: 0.8636363636363636
Error: 0.7564102564102564
ROC: 0.788961038961039
SVM:
F1 Score Average: 0.769230769230769
Precision Average: 0.6666666666666666
Recall Average: 0.9090909090909091
Error: 0.8461538461538461
ROC: 0.8652597402597402
SVM:
F1 Score Average: 0.6785714285714287
Precision Average: 0.5588235294117647
Recall Average: 0.8636363636363636
Error: 0.7692307692307693
ROC: 0.7978896103896105

Fold: 10
Train data indices: [   0.    1.    2.    3.    4.    5.    6.    7.    8.    9.   10.   11.
   12.   13.   14.   15.   16.   17.   18.   19.   20.   21.   22.   23.
   24.   25.   26.   27.   28.   29.   30.   31.   32.   33.   34.   35.
   36.   37.   38.   39.   40.   41.   42.   43.   44.   45.   46.   47.
   48.   50.   51.   52.   54.   55.   56.   57.   58.   59.   60.   61.
   62.   63.   64.   65.   66.   67.   68.   69.   70.   71.   72.   73.
   74.   77.   78.   79.   80.   81.   82.   83.   84.   85.   86.   87.
   88.   90.   92.   93.   95.   96.   97.   98.   99.  100.  101.  105.
  106.  107.  108.  109.  110.  112.  113.  114.  115.  116.  117.  120.
  122.  123.  124.  125.  126.  127.  128.  129.  130.  131.  132.  134.
  135.  137.  139.  140.  141.  142.  144.  145.  146.  147.  149.  150.
  153.  154.  155.  156.  158.  159.  160.  161.  163.  164.  166.  167.
  169.  171.  172.  173.  174.  175.  176.  177.  178.  179.  180.  181.
  182.  183.  184.  187.  188.  189.  190.  192.  195.  197.  198.  200.
  201.  202.  205.  206.  208.  209.  210.  211.  212.  213.  216.  217.
  218.  219.  221.  224.  228.  230.  231.  232.  234.  236.  237.  238.
  239.  240.  241.  242.  243.  244.  246.  247.  248.  249.  251.  252.
  253.  254.  255.  257.  258.  259.  260.  261.  262.  263.  264.  266.
  268.  269.  270.  272.  273.  274.  275.  277.  278.  279.  281.  283.
  284.  285.  286.  288.  289.  290.  291.  292.  293.  297.  298.  299.
  300.  301.  302.  303.  304.  305.  306.  307.  308.  311.  312.  313.
  314.  315.  318.  319.  320.  324.  325.  327.  328.  329.  330.  331.
  332.  333.  337.  338.  339.  340.  341.  342.  343.  344.  346.  347.
  348.  349.  350.  351.  353.  354.  355.  357.  358.  359.  360.  361.
  362.  363.  365.  366.  367.  368.  369.  370.  371.  372.  373.  374.
  375.  377.  378.  379.  380.  381.  382.  383.  385.  386.  387.  389.
  390.  391.]
Test data indices: [  49.   53.   75.   76.   89.   91.   94.  102.  103.  104.  111.  118.
  119.  121.  133.  136.  138.  143.  148.  151.  152.  157.  162.  165.
  168.  170.  185.  186.  191.  193.  194.  196.  199.  203.  204.  207.
  214.  215.  220.  222.  223.  225.  226.  227.  229.  233.  235.  245.
  250.  256.  265.  267.  271.  276.  280.  282.  287.  294.  295.  296.
  309.  310.  316.  317.  321.  322.  323.  326.  334.  335.  336.  345.
  352.  356.  364.  376.  384.  388.]
Ensemble:
F1: 0.6
Precision: 0.6
Recall: 0.6
Accuracy: 0.8461538461538461
AUC: 0.7523809523809525
SVM:
F1 Score Average: 0.5882352941176471
Precision Average: 0.5263157894736842
Recall Average: 0.6666666666666666
Error: 0.8205128205128205
ROC: 0.7619047619047619
SVM:
F1 Score Average: 0.606060606060606
Precision Average: 0.5555555555555556
Recall Average: 0.6666666666666666
Error: 0.8333333333333334
ROC: 0.7698412698412698
SVM:
F1 Score Average: 0.5625
Precision Average: 0.5294117647058824
Recall Average: 0.6
Error: 0.8205128205128205
ROC: 0.7365079365079366
SVM:
F1 Score Average: 0.5333333333333333
Precision Average: 0.5333333333333333
Recall Average: 0.5333333333333333
Error: 0.8205128205128205
ROC: 0.711111111111111
SVM:
F1 Score Average: 0.5625
Precision Average: 0.5294117647058824
Recall Average: 0.6
Error: 0.8205128205128205
ROC: 0.7365079365079366
SVM:
F1 Score Average: 0.5945945945945945
Precision Average: 0.5
Recall Average: 0.7333333333333333
Error: 0.8076923076923077
ROC: 0.7793650793650793
SVM:
F1 Score Average: 0.5625
Precision Average: 0.5294117647058824
Recall Average: 0.6
Error: 0.8205128205128205
ROC: 0.7365079365079366
SVM:
F1 Score Average: 0.5882352941176471
Precision Average: 0.5263157894736842
Recall Average: 0.6666666666666666
Error: 0.8205128205128205
ROC: 0.7619047619047619
SVM:
F1 Score Average: 0.4864864864864865
Precision Average: 0.4090909090909091
Recall Average: 0.6
Error: 0.7564102564102564
ROC: 0.6968253968253969
SVM:
F1 Score Average: 0.5555555555555556
Precision Average: 0.47619047619047616
Recall Average: 0.6666666666666666
Error: 0.7948717948717948
ROC: 0.7460317460317458
SVM:
F1 Score Average: 0.4848484848484848
Precision Average: 0.4444444444444444
Recall Average: 0.5333333333333333
Error: 0.782051282051282
ROC: 0.6873015873015873

